06-07시간대,06시간대이전,07-08시간대,08-09시간대,09-10시간대,10-11시간대,11-12시간대,12-13시간대,13-14시간대,14-15시간대,15-16시간대,16-17시간대,17-18시간대,18-19시간대,19-20시간대,20-21시간대,21-22시간대,22-23시간대,23-24시간대,24시간대이후,수송일자,요일,일일합계,승하차구분,역명,역번호,연번,날짜
80,85,108,107,153,107,123,96,114,73,101,86,58,32,24,17.0,13.0,5.0,2.0,,2021-07-01,목요일,1384,승차,천왕,2751,505,2021-12-31
98,98,115,139,147,128,112,88,112,91,87,80,68,48,28,23.0,9.0,10.0,3.0,,2021-07-02,금요일,1484,승차,천왕,2751,1065,2021-12-31
70,66,53,76,99,125,114,88,86,59,63,45,29,18,9,10.0,2.0,3.0,0.0,,2021-07-03,토요일,1015,승차,천왕,2751,1625,2021-12-31
31,41,42,69,81,79,57,61,63,59,44,49,43,19,30,8.0,4.0,4.0,0.0,,2021-07-04,일요일,784,승차,천왕,2751,2185,2021-12-31
88,90,117,126,182,120,117,98,102,104,102,92,59,43,17,10.0,3.0,10.0,1.0,,2021-07-05,월요일,1481,승차,천왕,2751,2745,2021-12-31
87,100,109,127,140,134,105,99,92,96,102,86,62,39,27,13.0,8.0,9.0,1.0,,2021-07-06,화요일,1436,승차,천왕,2751,3305,2021-12-31
85,93,100,113,143,130,128,87,94,84,99,81,55,39,29,25.0,14.0,6.0,0.0,,2021-07-07,수요일,1405,승차,천왕,2751,3865,2021-12-31
90,99,111,118,140,119,107,79,91,94,86,67,56,43,19,15.0,8.0,4.0,2.0,,2021-07-08,목요일,1348,승차,천왕,2751,4425,2021-12-31
82,90,122,115,147,126,109,72,93,89,88,87,51,34,24,17.0,13.0,9.0,0.0,,2021-07-09,금요일,1368,승차,천왕,2751,4985,2021-12-31
59,69,55,78,103,105,95,67,78,56,59,39,34,35,19,11.0,9.0,0.0,0.0,,2021-07-10,토요일,971,승차,천왕,2751,5545,2021-12-31
42,36,27,48,81,63,48,58,63,45,61,51,29,23,21,6.0,3.0,3.0,1.0,,2021-07-11,일요일,709,승차,천왕,2751,6105,2021-12-31
91,109,108,99,149,110,72,93,81,66,86,64,55,44,18,12.0,9.0,4.0,0.0,,2021-07-12,월요일,1270,승차,천왕,2751,6665,2021-12-31
80,85,103,102,130,118,81,73,90,67,63,66,55,37,22,10.0,6.0,7.0,0.0,,2021-07-13,화요일,1195,승차,천왕,2751,7225,2021-12-31
94,94,111,103,127,106,70,66,82,65,70,64,51,33,19,11.0,10.0,3.0,0.0,,2021-07-14,수요일,1179,승차,천왕,2751,7785,2021-12-31
76,85,110,124,134,111,69,62,85,59,64,65,46,38,21,10.0,6.0,2.0,0.0,,2021-07-15,목요일,1167,승차,천왕,2751,8345,2021-12-31
87,90,104,120,121,112,79,75,74,65,72,65,57,41,25,12.0,10.0,5.0,0.0,,2021-07-16,금요일,1214,승차,천왕,2751,8905,2021-12-31
55,56,44,85,95,104,76,59,64,39,38,41,43,31,14,10.0,7.0,3.0,0.0,,2021-07-17,토요일,864,승차,천왕,2751,9465,2021-12-31
29,42,23,46,56,57,55,39,51,37,29,36,36,16,19,17.0,3.0,2.0,0.0,,2021-07-18,일요일,593,승차,천왕,2751,10025,2021-12-31
85,93,120,125,154,118,84,67,79,84,66,61,49,30,23,10.0,9.0,1.0,0.0,,2021-07-19,월요일,1258,승차,천왕,2751,10585,2021-12-31
82,93,103,111,138,135,83,83,67,64,73,58,56,34,22,13.0,5.0,5.0,0.0,,2021-07-20,화요일,1225,승차,천왕,2751,11145,2021-12-31
88,86,119,108,143,95,62,52,64,55,68,64,45,36,12,10.0,11.0,3.0,0.0,,2021-07-21,수요일,1121,승차,천왕,2751,11705,2021-12-31
80,97,115,108,146,87,74,63,61,51,55,59,48,26,23,13.0,8.0,5.0,2.0,,2021-07-22,목요일,1121,승차,천왕,2751,12265,2021-12-31
83,85,118,123,137,116,74,65,63,61,73,63,62,29,27,17.0,9.0,4.0,0.0,,2021-07-23,금요일,1209,승차,천왕,2751,12825,2021-12-31
59,67,64,84,100,71,61,68,46,35,38,49,37,36,30,19.0,5.0,1.0,0.0,,2021-07-24,토요일,870,승차,천왕,2751,13385,2021-12-31
32,33,33,32,53,65,49,40,45,32,36,26,19,21,20,8.0,6.0,6.0,0.0,,2021-07-25,일요일,556,승차,천왕,2751,13945,2021-12-31
90,95,108,126,137,146,93,69,74,64,55,67,47,31,22,11.0,9.0,3.0,1.0,,2021-07-26,월요일,1248,승차,천왕,2751,14505,2021-12-31
98,77,94,105,151,124,76,68,69,65,68,54,46,36,18,14.0,6.0,6.0,1.0,,2021-07-27,화요일,1176,승차,천왕,2751,15065,2021-12-31
79,97,93,128,141,110,72,77,73,72,67,63,58,44,21,13.0,11.0,2.0,0.0,,2021-07-28,수요일,1221,승차,천왕,2751,15625,2021-12-31
80,82,115,114,149,110,95,58,84,81,78,75,35,36,24,9.0,8.0,5.0,0.0,,2021-07-29,목요일,1238,승차,천왕,2751,16185,2021-12-31
86,95,99,101,136,126,74,62,77,73,74,66,55,52,30,11.0,8.0,3.0,0.0,,2021-07-30,금요일,1228,승차,천왕,2751,16745,2021-12-31
57,58,44,57,91,89,66,76,56,69,33,41,46,40,21,15.0,5.0,2.0,0.0,,2021-07-31,토요일,866,승차,천왕,2751,17305,2021-12-31
31,48,29,38,57,51,43,60,48,50,33,37,38,20,7,10.0,3.0,3.0,0.0,,2021-08-01,일요일,606,승차,천왕,2751,17865,2021-12-31
86,77,91,92,152,97,102,83,81,90,76,56,57,41,20,13.0,5.0,3.0,0.0,,2021-08-02,월요일,1222,승차,천왕,2751,18425,2021-12-31
90,93,100,106,124,109,81,77,75,64,71,65,58,32,17,10.0,7.0,5.0,0.0,,2021-08-03,화요일,1184,승차,천왕,2751,18985,2021-12-31
81,80,92,104,108,118,80,78,81,54,61,74,50,38,23,14.0,6.0,2.0,0.0,,2021-08-04,수요일,1144,승차,천왕,2751,19545,2021-12-31
101,92,104,124,133,112,84,71,81,75,65,77,56,31,29,11.0,4.0,3.0,0.0,,2021-08-05,목요일,1253,승차,천왕,2751,20105,2021-12-31
81,77,91,115,126,110,89,72,84,64,91,73,47,36,24,17.0,3.0,4.0,0.0,,2021-08-06,금요일,1204,승차,천왕,2751,20665,2021-12-31
59,66,48,79,114,91,79,77,69,57,47,48,42,31,18,14.0,5.0,2.0,1.0,,2021-08-07,토요일,947,승차,천왕,2751,21225,2021-12-31
21,43,34,48,62,71,49,51,60,53,40,37,31,15,16,3.0,1.0,6.0,0.0,,2021-08-08,일요일,641,승차,천왕,2751,21785,2021-12-31
89,96,108,101,162,129,96,93,75,77,74,87,57,40,25,12.0,9.0,4.0,0.0,,2021-08-09,월요일,1334,승차,천왕,2751,22345,2021-12-31
82,85,103,125,149,118,105,93,75,72,63,70,59,37,25,18.0,3.0,3.0,1.0,,2021-08-10,화요일,1286,승차,천왕,2751,22905,2021-12-31
89,91,109,120,129,118,89,89,71,63,76,87,50,34,22,21.0,5.0,8.0,2.0,,2021-08-11,수요일,1273,승차,천왕,2751,23465,2021-12-31
77,92,105,120,124,122,94,86,85,83,81,66,55,32,25,7.0,7.0,3.0,3.0,,2021-08-12,목요일,1267,승차,천왕,2751,24025,2021-12-31
81,93,100,105,125,120,86,87,72,90,66,55,45,31,25,17.0,6.0,1.0,2.0,,2021-08-13,금요일,1207,승차,천왕,2751,24585,2021-12-31
58,65,57,90,88,92,93,82,69,48,46,33,40,37,14,12.0,3.0,1.0,2.0,,2021-08-14,토요일,930,승차,천왕,2751,25145,2021-12-31
30,46,36,49,81,80,45,65,46,46,48,27,38,16,14,15.0,9.0,1.0,0.0,,2021-08-15,일요일,692,승차,천왕,2751,25705,2021-12-31
34,68,62,65,118,98,65,71,78,52,43,60,39,29,18,10.0,3.0,3.0,0.0,,2021-08-16,월요일,916,승차,천왕,2751,26265,2021-12-31
83,88,101,133,155,143,78,82,81,56,71,63,50,27,19,9.0,3.0,4.0,1.0,,2021-08-17,화요일,1247,승차,천왕,2751,26825,2021-12-31
83,85,104,108,134,91,78,82,113,97,82,68,51,43,22,13.0,3.0,8.0,0.0,,2021-08-18,수요일,1265,승차,천왕,2751,27385,2021-12-31
76,101,98,127,147,113,106,80,92,90,63,75,45,34,20,12.0,9.0,3.0,1.0,,2021-08-19,목요일,1292,승차,천왕,2751,27945,2021-12-31
81,94,103,114,136,116,93,94,92,84,78,76,59,32,19,12.0,5.0,7.0,1.0,,2021-08-20,금요일,1296,승차,천왕,2751,28505,2021-12-31
50,63,56,53,78,58,60,58,53,64,54,57,22,21,12,12.0,8.0,3.0,0.0,,2021-08-21,토요일,782,승차,천왕,2751,29065,2021-12-31
30,43,44,63,81,73,71,68,71,47,45,33,39,26,15,4.0,6.0,4.0,0.0,,2021-08-22,일요일,763,승차,천왕,2751,29625,2021-12-31
79,96,108,107,152,140,102,104,70,72,57,59,39,24,20,12.0,4.0,3.0,0.0,,2021-08-23,월요일,1248,승차,천왕,2751,30185,2021-12-31
64,97,98,111,118,134,97,74,78,76,72,64,37,28,21,9.0,6.0,2.0,0.0,,2021-08-24,화요일,1186,승차,천왕,2751,30745,2021-12-31
82,105,104,107,143,130,100,85,79,90,79,56,66,55,33,20.0,5.0,8.0,0.0,,2021-08-25,수요일,1347,승차,천왕,2751,31305,2021-12-31
87,91,105,106,133,130,118,93,102,88,93,69,48,41,24,7.0,12.0,4.0,1.0,,2021-08-26,목요일,1352,승차,천왕,2751,31865,2021-12-31
85,104,94,97,129,108,123,113,106,67,91,79,52,28,15,12.0,6.0,5.0,0.0,,2021-08-27,금요일,1314,승차,천왕,2751,32425,2021-12-31
52,66,57,64,89,121,89,83,74,78,66,44,46,36,17,4.0,13.0,4.0,0.0,,2021-08-28,토요일,1003,승차,천왕,2751,32985,2021-12-31
27,44,35,47,69,81,49,73,74,51,66,46,40,37,18,17.0,7.0,2.0,0.0,,2021-08-29,일요일,783,승차,천왕,2751,33545,2021-12-31
93,103,102,115,164,132,120,104,119,86,75,82,51,38,31,7.0,4.0,4.0,0.0,,2021-08-30,월요일,1430,승차,천왕,2751,34105,2021-12-31
86,99,99,96,136,131,97,83,67,61,63,62,40,31,14,12.0,9.0,5.0,0.0,,2021-08-31,화요일,1191,승차,천왕,2751,34665,2021-12-31
92,90,94,119,133,118,77,106,105,86,105,70,52,34,14,12.0,6.0,3.0,0.0,,2021-09-01,수요일,1316,승차,천왕,2751,35225,2021-12-31
98,86,103,114,135,115,102,100,110,107,84,73,68,37,23,9.0,4.0,6.0,1.0,,2021-09-02,목요일,1375,승차,천왕,2751,35785,2021-12-31
80,85,108,123,147,125,95,119,111,92,86,89,62,46,19,12.0,9.0,5.0,0.0,,2021-09-03,금요일,1413,승차,천왕,2751,36345,2021-12-31
64,56,71,71,105,127,104,103,97,66,72,74,49,33,26,12.0,7.0,0.0,0.0,,2021-09-04,토요일,1137,승차,천왕,2751,36905,2021-12-31
42,47,40,54,92,86,48,63,68,54,57,55,43,26,12,21.0,6.0,4.0,0.0,,2021-09-05,일요일,818,승차,천왕,2751,37465,2021-12-31
77,104,100,130,170,167,102,105,102,106,75,65,48,32,19,6.0,6.0,4.0,0.0,,2021-09-06,월요일,1418,승차,천왕,2751,38025,2021-12-31
78,91,96,102,146,131,105,76,89,81,74,64,47,22,21,10.0,7.0,3.0,0.0,,2021-09-07,화요일,1243,승차,천왕,2751,38585,2021-12-31
82,97,113,122,151,122,114,115,109,96,95,76,56,51,30,26.0,9.0,5.0,1.0,,2021-09-08,수요일,1470,승차,천왕,2751,39145,2021-12-31
79,88,103,148,165,129,119,95,114,98,93,96,60,39,21,10.0,8.0,6.0,4.0,,2021-09-09,목요일,1475,승차,천왕,2751,39705,2021-12-31
69,94,106,121,158,129,108,109,102,96,101,83,70,57,34,11.0,8.0,10.0,0.0,,2021-09-10,금요일,1466,승차,천왕,2751,40265,2021-12-31
61,61,68,74,141,118,106,91,85,55,49,49,52,37,10,10.0,7.0,4.0,0.0,,2021-09-11,토요일,1078,승차,천왕,2751,40825,2021-12-31
24,50,36,64,99,84,73,74,64,46,59,39,39,34,14,7.0,8.0,2.0,0.0,,2021-09-12,일요일,816,승차,천왕,2751,41385,2021-12-31
86,97,116,126,185,136,111,91,89,89,91,77,59,46,20,8.0,7.0,2.0,1.0,,2021-09-13,월요일,1437,승차,천왕,2751,41945,2021-12-31
75,97,103,125,162,133,103,105,99,91,92,90,63,42,23,9.0,8.0,3.0,0.0,,2021-09-14,화요일,1423,승차,천왕,2751,42505,2021-12-31
74,95,108,126,173,141,135,89,109,97,85,88,69,54,24,18.0,12.0,7.0,1.0,,2021-09-15,수요일,1505,승차,천왕,2751,43065,2021-12-31
81,98,115,134,150,134,108,110,100,105,94,88,72,34,16,14.0,11.0,7.0,1.0,,2021-09-16,목요일,1472,승차,천왕,2751,43625,2021-12-31
90,88,106,117,164,160,109,123,93,113,92,97,71,46,22,16.0,6.0,3.0,3.0,,2021-09-17,금요일,1519,승차,천왕,2751,44185,2021-12-31
54,65,55,93,113,140,115,85,90,82,80,63,52,28,18,15.0,10.0,4.0,0.0,,2021-09-18,토요일,1162,승차,천왕,2751,44745,2021-12-31
22,40,33,61,95,108,88,77,74,61,77,53,48,26,7,16.0,4.0,2.0,0.0,,2021-09-19,일요일,892,승차,천왕,2751,45305,2021-12-31
26,41,40,38,52,69,64,50,60,55,48,49,36,25,10,4.0,5.0,3.0,0.0,,2021-09-20,월요일,675,승차,천왕,2751,45865,2021-12-31
14,40,15,13,23,32,40,29,28,30,38,29,28,22,14,7.0,6.0,3.0,0.0,,2021-09-21,화요일,411,승차,천왕,2751,46425,2021-12-31
26,40,25,23,49,50,78,53,61,57,42,63,42,25,19,15.0,7.0,4.0,0.0,,2021-09-22,수요일,679,승차,천왕,2751,46985,2021-12-31
70,97,101,109,132,133,87,119,94,83,87,75,49,35,26,9.0,6.0,3.0,3.0,,2021-09-23,목요일,1318,승차,천왕,2751,47545,2021-12-31
71,97,106,101,157,144,105,110,106,82,86,80,68,50,27,11.0,5.0,4.0,1.0,,2021-09-24,금요일,1411,승차,천왕,2751,48105,2021-12-31
53,72,62,69,113,119,90,70,95,82,74,58,50,23,24,4.0,12.0,4.0,0.0,,2021-09-25,토요일,1074,승차,천왕,2751,48665,2021-12-31
25,45,42,55,92,100,58,72,72,59,69,39,53,42,25,9.0,6.0,5.0,0.0,,2021-09-26,일요일,868,승차,천왕,2751,49225,2021-12-31
80,94,111,116,173,134,114,99,120,78,94,80,54,44,22,6.0,9.0,4.0,1.0,,2021-09-27,월요일,1433,승차,천왕,2751,49785,2021-12-31
77,93,97,115,140,136,120,100,116,87,94,83,42,35,18,10.0,8.0,7.0,0.0,,2021-09-28,화요일,1378,승차,천왕,2751,50345,2021-12-31
79,92,90,107,118,105,104,94,95,73,90,94,45,45,20,14.0,8.0,6.0,0.0,,2021-09-29,수요일,1279,승차,천왕,2751,50905,2021-12-31
81,100,109,107,134,137,126,100,127,97,86,76,66,42,24,17.0,11.0,8.0,1.0,,2021-09-30,목요일,1449,승차,천왕,2751,51465,2021-12-31
77,92,116,119,165,127,91,114,113,90,103,96,55,42,22,12.0,11.0,8.0,0.0,,2021-10-01,금요일,1453,승차,천왕,2751,52025,2021-12-31
59,74,58,75,122,131,97,82,73,54,70,61,52,28,23,8.0,10.0,7.0,1.0,,2021-10-02,토요일,1085,승차,천왕,2751,52585,2021-12-31
31,49,47,58,98,93,93,82,86,60,54,58,38,29,21,7.0,10.0,2.0,1.0,,2021-10-03,일요일,917,승차,천왕,2751,53145,2021-12-31
49,64,48,63,119,110,108,88,70,65,49,53,29,29,17,9.0,7.0,5.0,1.0,,2021-10-04,월요일,983,승차,천왕,2751,53705,2021-12-31
89,100,111,127,166,124,106,110,114,97,82,75,52,33,16,16.0,5.0,5.0,0.0,,2021-10-05,화요일,1428,승차,천왕,2751,54265,2021-12-31
84,97,109,122,146,100,97,102,108,86,64,93,68,52,22,17.0,8.0,7.0,1.0,,2021-10-06,수요일,1383,승차,천왕,2751,54825,2021-12-31
77,103,113,118,138,124,118,102,118,98,111,73,79,30,19,11.0,7.0,4.0,1.0,,2021-10-07,목요일,1444,승차,천왕,2751,55385,2021-12-31
90,99,121,140,152,123,90,86,96,91,86,73,45,44,22,19.0,15.0,3.0,1.0,,2021-10-08,금요일,1396,승차,천왕,2751,55945,2021-12-31
43,60,48,44,91,115,117,101,75,69,53,52,55,27,13,23.0,9.0,4.0,3.0,,2021-10-09,토요일,1002,승차,천왕,2751,56505,2021-12-31
25,50,38,62,78,106,71,84,56,49,44,36,42,23,15,7.0,4.0,4.0,0.0,,2021-10-10,일요일,794,승차,천왕,2751,57065,2021-12-31
29,65,62,62,118,124,98,89,98,72,77,51,55,30,23,5.0,7.0,3.0,1.0,,2021-10-11,월요일,1069,승차,천왕,2751,57625,2021-12-31
86,106,110,117,188,155,116,90,96,99,77,68,56,32,20,12.0,9.0,3.0,0.0,,2021-10-12,화요일,1440,승차,천왕,2751,58185,2021-12-31
92,88,115,119,164,135,119,110,121,93,92,91,56,51,19,17.0,11.0,5.0,0.0,,2021-10-13,수요일,1498,승차,천왕,2751,58745,2021-12-31
86,107,114,124,164,139,105,104,105,99,88,82,48,33,15,10.0,15.0,2.0,2.0,,2021-10-14,목요일,1442,승차,천왕,2751,59305,2021-12-31
95,89,113,111,153,139,123,112,107,100,77,95,49,51,31,11.0,7.0,4.0,1.0,,2021-10-15,금요일,1468,승차,천왕,2751,59865,2021-12-31
54,66,65,80,144,117,106,101,89,85,65,74,57,20,16,10.0,5.0,1.0,0.0,,2021-10-16,토요일,1155,승차,천왕,2751,60425,2021-12-31
27,48,42,60,88,99,69,84,65,54,67,46,33,30,25,9.0,4.0,4.0,0.0,,2021-10-17,일요일,854,승차,천왕,2751,60985,2021-12-31
75,97,111,107,165,125,133,83,130,105,88,57,62,47,14,11.0,6.0,5.0,0.0,,2021-10-18,월요일,1421,승차,천왕,2751,61545,2021-12-31
85,87,103,112,161,141,107,113,96,97,93,97,60,39,20,10.0,5.0,4.0,0.0,,2021-10-19,화요일,1430,승차,천왕,2751,62105,2021-12-31
79,93,112,120,161,140,137,104,118,94,102,103,68,52,15,18.0,5.0,12.0,0.0,,2021-10-20,수요일,1533,승차,천왕,2751,62665,2021-12-31
91,92,102,123,151,146,98,121,102,76,98,62,65,44,25,12.0,8.0,4.0,0.0,,2021-10-21,목요일,1420,승차,천왕,2751,63225,2021-12-31
84,96,102,139,167,126,98,145,123,103,103,75,63,49,24,14.0,6.0,5.0,0.0,,2021-10-22,금요일,1522,승차,천왕,2751,63785,2021-12-31
66,76,53,80,105,132,121,115,78,75,79,73,50,21,23,11.0,7.0,2.0,1.0,,2021-10-23,토요일,1168,승차,천왕,2751,64345,2021-12-31
30,48,37,69,108,100,72,92,90,70,57,58,27,26,22,13.0,2.0,4.0,0.0,,2021-10-24,일요일,925,승차,천왕,2751,64905,2021-12-31
88,98,108,119,175,157,138,128,127,112,86,79,58,41,16,10.0,4.0,7.0,0.0,,2021-10-25,월요일,1551,승차,천왕,2751,65465,2021-12-31
84,95,114,118,198,139,127,112,112,102,88,66,65,51,24,9.0,9.0,4.0,0.0,,2021-10-26,화요일,1517,승차,천왕,2751,66025,2021-12-31
95,104,106,122,163,137,143,122,110,111,95,72,51,45,25,10.0,12.0,2.0,1.0,,2021-10-27,수요일,1526,승차,천왕,2751,66585,2021-12-31
90,95,102,122,164,150,120,125,115,97,109,80,54,43,24,10.0,9.0,6.0,2.0,,2021-10-28,목요일,1517,승차,천왕,2751,67145,2021-12-31
92,98,114,120,167,156,102,125,127,104,117,86,53,38,29,12.0,20.0,3.0,2.0,,2021-10-29,금요일,1565,승차,천왕,2751,67705,2021-12-31
54,74,57,69,126,143,134,98,87,84,77,52,57,23,13,23.0,10.0,5.0,0.0,,2021-10-30,토요일,1186,승차,천왕,2751,68265,2021-12-31
34,50,42,59,93,139,91,87,93,54,69,50,36,41,19,6.0,7.0,1.0,0.0,,2021-10-31,일요일,971,승차,천왕,2751,68825,2021-12-31
87,102,107,117,172,135,117,113,108,97,100,75,75,38,25,13.0,4.0,6.0,0.0,,2021-11-01,월요일,1491,승차,천왕,2751,69385,2021-12-31
92,95,113,118,173,142,114,109,128,106,95,71,58,43,22,6.0,3.0,8.0,2.0,,2021-11-02,화요일,1498,승차,천왕,2751,69945,2021-12-31
85,107,114,133,188,140,119,95,124,105,102,67,73,45,31,22.0,4.0,6.0,1.0,,2021-11-03,수요일,1561,승차,천왕,2751,70505,2021-12-31
93,92,100,144,155,144,129,113,113,107,87,87,43,46,22,12.0,7.0,6.0,2.0,,2021-11-04,목요일,1502,승차,천왕,2751,71065,2021-12-31
92,95,124,146,188,134,113,129,116,108,84,89,60,42,26,18.0,14.0,7.0,1.0,,2021-11-05,금요일,1586,승차,천왕,2751,71625,2021-12-31
60,65,59,78,133,116,131,113,108,90,63,64,55,31,19,12.0,11.0,1.0,1.0,,2021-11-06,토요일,1210,승차,천왕,2751,72185,2021-12-31
35,55,42,80,136,107,74,72,94,52,73,46,36,20,17,10.0,1.0,3.0,0.0,,2021-11-07,일요일,953,승차,천왕,2751,72745,2021-12-31
81,97,106,125,147,113,94,91,98,92,92,82,52,34,16,8.0,7.0,3.0,1.0,,2021-11-08,월요일,1339,승차,천왕,2751,73305,2021-12-31
78,99,99,113,147,144,92,90,99,80,74,79,63,36,26,11.0,2.0,8.0,2.0,,2021-11-09,화요일,1342,승차,천왕,2751,73865,2021-12-31
88,91,102,142,159,116,115,102,118,109,95,72,58,45,21,23.0,5.0,4.0,0.0,,2021-11-10,수요일,1465,승차,천왕,2751,74425,2021-12-31
78,93,108,120,161,146,111,114,104,104,85,74,66,44,29,16.0,9.0,7.0,1.0,,2021-11-11,목요일,1470,승차,천왕,2751,74985,2021-12-31
86,101,115,115,159,142,116,103,121,121,101,80,37,46,24,11.0,11.0,8.0,1.0,,2021-11-12,금요일,1498,승차,천왕,2751,75545,2021-12-31
57,77,69,75,120,151,118,100,88,66,84,88,49,30,7,12.0,12.0,5.0,1.0,,2021-11-13,토요일,1209,승차,천왕,2751,76105,2021-12-31
36,48,37,63,114,114,88,88,106,73,62,43,34,22,16,6.0,4.0,5.0,0.0,,2021-11-14,일요일,959,승차,천왕,2751,76665,2021-12-31
75,102,104,123,178,147,105,122,129,101,72,67,63,41,19,11.0,7.0,5.0,0.0,,2021-11-15,월요일,1471,승차,천왕,2751,77225,2021-12-31
89,95,105,122,161,125,114,121,108,96,104,101,61,34,26,18.0,8.0,7.0,0.0,,2021-11-16,화요일,1495,승차,천왕,2751,77785,2021-12-31
92,97,100,143,186,126,124,114,111,108,94,77,63,43,20,22.0,10.0,9.0,0.0,,2021-11-17,수요일,1539,승차,천왕,2751,78345,2021-12-31
86,95,104,108,158,148,113,125,103,113,96,78,72,29,21,7.0,8.0,11.0,2.0,,2021-11-18,목요일,1477,승차,천왕,2751,78905,2021-12-31
79,103,105,130,139,141,135,110,113,111,94,89,61,41,24,20.0,8.0,10.0,0.0,,2021-11-19,금요일,1513,승차,천왕,2751,79465,2021-12-31
65,71,51,97,122,131,96,87,79,74,67,69,50,30,20,10.0,14.0,3.0,1.0,,2021-11-20,토요일,1137,승차,천왕,2751,80025,2021-12-31
34,47,33,78,123,106,59,88,70,63,63,43,40,26,19,10.0,3.0,1.0,0.0,,2021-11-21,일요일,906,승차,천왕,2751,80585,2021-12-31
87,95,103,123,157,134,114,105,118,88,88,66,47,30,21,10.0,3.0,4.0,1.0,,2021-11-22,월요일,1394,승차,천왕,2751,81145,2021-12-31
94,106,94,109,141,127,100,97,108,97,74,76,63,39,19,16.0,4.0,7.0,0.0,,2021-11-23,화요일,1371,승차,천왕,2751,81705,2021-12-31
87,95,108,115,158,121,92,97,95,94,65,77,63,31,25,19.0,5.0,7.0,0.0,,2021-11-24,수요일,1354,승차,천왕,2751,82265,2021-12-31
93,99,100,115,166,141,114,109,104,107,100,85,50,36,23,11.0,9.0,2.0,0.0,,2021-11-25,목요일,1464,승차,천왕,2751,82825,2021-12-31
94,93,107,119,136,143,120,98,93,105,106,81,58,43,28,12.0,12.0,4.0,0.0,,2021-11-26,금요일,1452,승차,천왕,2751,83385,2021-12-31
59,74,58,73,110,110,96,91,78,80,62,57,38,24,14,13.0,10.0,4.0,0.0,,2021-11-27,토요일,1051,승차,천왕,2751,83945,2021-12-31
30,42,26,70,124,89,73,82,63,83,70,61,32,22,12,4.0,4.0,2.0,0.0,,2021-11-28,일요일,889,승차,천왕,2751,84505,2021-12-31
74,112,100,119,158,131,110,113,123,112,82,83,65,37,24,10.0,7.0,6.0,1.0,,2021-11-29,월요일,1467,승차,천왕,2751,85065,2021-12-31
87,78,100,101,132,91,82,82,79,97,82,64,52,25,28,7.0,9.0,3.0,0.0,,2021-11-30,화요일,1199,승차,천왕,2751,85625,2021-12-31
85,98,113,119,153,126,101,101,89,100,72,66,54,40,16,17.0,10.0,2.0,0.0,,2021-12-01,수요일,1362,승차,천왕,2751,86185,2021-12-31
83,88,108,105,143,135,97,100,115,97,78,59,55,38,18,9.0,5.0,5.0,2.0,,2021-12-02,목요일,1340,승차,천왕,2751,86745,2021-12-31
85,100,107,129,153,136,114,104,104,100,79,73,44,41,26,16.0,8.0,11.0,0.0,,2021-12-03,금요일,1430,승차,천왕,2751,87305,2021-12-31
50,60,50,77,110,102,102,108,80,95,63,65,29,25,7,11.0,10.0,2.0,3.0,,2021-12-04,토요일,1049,승차,천왕,2751,87865,2021-12-31
35,47,37,50,109,90,77,82,94,66,63,38,40,15,16,5.0,2.0,3.0,0.0,,2021-12-05,일요일,869,승차,천왕,2751,88425,2021-12-31
79,97,108,116,176,135,101,109,151,128,77,86,60,29,14,7.0,7.0,3.0,0.0,,2021-12-06,월요일,1483,승차,천왕,2751,88985,2021-12-31
79,97,105,109,153,145,127,121,112,82,91,87,55,33,28,12.0,10.0,5.0,0.0,,2021-12-07,화요일,1451,승차,천왕,2751,89545,2021-12-31
88,91,108,107,159,147,117,99,107,104,80,85,63,31,19,16.0,9.0,4.0,0.0,,2021-12-08,수요일,1434,승차,천왕,2751,90105,2021-12-31
79,104,90,115,144,158,109,106,132,114,99,75,57,19,29,12.0,8.0,3.0,1.0,,2021-12-09,목요일,1454,승차,천왕,2751,90665,2021-12-31
89,84,104,114,131,123,95,101,104,125,87,64,69,40,22,9.0,9.0,7.0,0.0,,2021-12-10,금요일,1377,승차,천왕,2751,91225,2021-12-31
58,71,49,59,108,114,112,107,81,94,63,64,45,27,15,8.0,9.0,5.0,0.0,,2021-12-11,토요일,1089,승차,천왕,2751,91785,2021-12-31
24,47,41,66,108,84,50,79,77,61,58,54,30,14,14,3.0,6.0,2.0,0.0,,2021-12-12,일요일,818,승차,천왕,2751,92345,2021-12-31
73,105,94,105,136,132,99,101,115,86,76,74,44,22,20,7.0,6.0,2.0,2.0,,2021-12-13,월요일,1299,승차,천왕,2751,92905,2021-12-31
82,84,87,102,131,143,103,101,102,94,95,65,56,30,17,9.0,6.0,4.0,0.0,,2021-12-14,화요일,1311,승차,천왕,2751,93465,2021-12-31
74,102,82,114,129,109,114,89,118,109,78,74,54,37,17,16.0,8.0,8.0,0.0,,2021-12-15,수요일,1332,승차,천왕,2751,94027,2021-12-31
87,82,103,108,120,119,93,98,103,108,92,62,49,39,25,7.0,6.0,3.0,0.0,,2021-12-16,목요일,1304,승차,천왕,2751,94587,2021-12-31
80,103,99,111,123,112,79,107,86,100,77,63,50,27,17,12.0,7.0,2.0,1.0,,2021-12-17,금요일,1256,승차,천왕,2751,95147,2021-12-31
49,57,41,49,63,83,66,88,89,58,49,45,32,17,10,6.0,9.0,0.0,0.0,,2021-12-18,토요일,811,승차,천왕,2751,95707,2021-12-31
36,43,27,51,97,92,51,71,50,50,53,36,32,21,19,5.0,4.0,4.0,0.0,,2021-12-19,일요일,742,승차,천왕,2751,96269,2021-12-31
79,99,92,105,145,149,106,93,105,102,71,62,66,31,19,8.0,7.0,7.0,0.0,,2021-12-20,월요일,1346,승차,천왕,2751,96831,2021-12-31
86,102,91,109,122,125,103,121,99,91,88,82,47,35,24,13.0,4.0,2.0,0.0,,2021-12-21,화요일,1344,승차,천왕,2751,97393,2021-12-31
81,88,87,115,145,144,99,124,106,115,105,81,53,44,22,10.0,9.0,6.0,0.0,,2021-12-22,수요일,1434,승차,천왕,2751,97955,2021-12-31
74,95,89,114,144,114,109,100,116,100,90,88,41,25,28,7.0,12.0,7.0,0.0,,2021-12-23,목요일,1353,승차,천왕,2751,98517,2021-12-31
84,89,86,105,139,139,114,124,123,104,86,69,47,46,18,12.0,10.0,5.0,0.0,,2021-12-24,금요일,1400,승차,천왕,2751,99079,2021-12-31
36,56,32,45,103,82,61,103,59,58,42,40,31,20,14,7.0,6.0,4.0,0.0,,2021-12-25,토요일,799,승차,천왕,2751,99641,2021-12-31
23,33,24,47,77,60,53,71,48,30,48,34,26,10,12,8.0,5.0,2.0,1.0,,2021-12-26,일요일,612,승차,천왕,2751,100203,2021-12-31
78,96,87,102,136,117,97,89,121,96,67,60,50,26,17,14.0,6.0,5.0,0.0,,2021-12-27,월요일,1264,승차,천왕,2751,100765,2021-12-31
78,83,95,108,126,134,115,106,112,110,76,65,53,34,22,9.0,15.0,5.0,0.0,,2021-12-28,화요일,1346,승차,천왕,2751,101327,2021-12-31
81,94,80,102,150,152,111,107,108,119,104,80,54,50,23,12.0,8.0,4.0,0.0,,2021-12-29,수요일,1439,승차,천왕,2751,101889,2021-12-31
77,88,87,98,133,131,94,115,117,115,84,68,69,35,21,7.0,11.0,4.0,0.0,,2021-12-30,목요일,1354,승차,천왕,2751,102451,2021-12-31
81,91,85,92,109,109,101,113,111,117,88,66,40,25,21,20.0,14.0,11.0,1.0,,2021-12-31,금요일,1295,승차,천왕,2751,103013,2021-12-31
20,36,20,26,49,59,37,50,64,51,54,35,40,17,10,7.0,5.0,0.0,0.0,0.0,2022-01-01,토요일,580,승차,천왕,2751.0,505,2022-12-31
26,48,35,37,109,88,64,83,83,43,48,35,21,24,13,11.0,7.0,4.0,0.0,0.0,2022-01-02,일요일,779,승차,천왕,2751.0,1049,2022-12-31
64,90,90,104,151,143,82,100,93,113,81,73,63,28,26,6.0,6.0,4.0,0.0,0.0,2022-01-03,월요일,1317,승차,천왕,2751.0,1593,2022-12-31
82,104,85,93,140,126,89,111,97,110,75,79,50,30,15,17.0,4.0,3.0,0.0,0.0,2022-01-04,화요일,1310,승차,천왕,2751.0,2137,2022-12-31
81,92,87,97,145,135,105,103,104,93,85,79,52,42,15,17.0,10.0,2.0,0.0,0.0,2022-01-05,수요일,1344,승차,천왕,2751.0,2681,2022-12-31
72,105,89,105,119,130,100,93,108,118,92,60,54,25,21,14.0,11.0,5.0,0.0,0.0,2022-01-06,목요일,1321,승차,천왕,2751.0,3225,2022-12-31
76,90,95,115,136,138,120,97,100,114,97,71,56,32,19,14.0,10.0,4.0,2.0,0.0,2022-01-07,금요일,1386,승차,천왕,2751.0,3769,2022-12-31
59,72,37,80,100,128,105,105,103,68,62,50,42,32,19,12.0,4.0,1.0,0.0,0.0,2022-01-08,토요일,1079,승차,천왕,2751.0,4313,2022-12-31
26,37,39,45,120,90,55,94,74,47,62,37,35,26,13,9.0,1.0,2.0,0.0,0.0,2022-01-09,일요일,812,승차,천왕,2751.0,4857,2022-12-31
74,110,89,114,160,147,100,114,128,117,86,66,48,35,21,6.0,4.0,9.0,0.0,0.0,2022-01-10,월요일,1428,승차,천왕,2751.0,5401,2022-12-31
84,92,90,108,130,104,75,84,106,95,77,80,49,28,18,14.0,8.0,3.0,0.0,0.0,2022-01-11,화요일,1245,승차,천왕,2751.0,5945,2022-12-31
79,100,81,104,148,114,81,97,106,81,78,77,45,44,17,21.0,7.0,5.0,0.0,0.0,2022-01-12,수요일,1285,승차,천왕,2751.0,6489,2022-12-31
84,83,92,105,117,124,83,107,95,103,75,63,54,31,20,12.0,11.0,3.0,0.0,0.0,2022-01-13,목요일,1262,승차,천왕,2751.0,7033,2022-12-31
68,104,89,120,133,133,97,130,121,95,94,85,51,36,20,16.0,10.0,2.0,1.0,0.0,2022-01-14,금요일,1405,승차,천왕,2751.0,7577,2022-12-31
48,66,32,59,105,124,113,110,88,84,68,58,33,19,11,7.0,17.0,0.0,1.0,0.0,2022-01-15,토요일,1043,승차,천왕,2751.0,8121,2022-12-31
29,42,31,55,123,94,70,82,87,50,86,55,30,20,13,7.0,6.0,2.0,0.0,0.0,2022-01-16,일요일,882,승차,천왕,2751.0,8665,2022-12-31
67,89,108,118,162,151,106,90,119,109,67,79,40,27,15,12.0,8.0,2.0,0.0,0.0,2022-01-17,월요일,1369,승차,천왕,2751.0,9209,2022-12-31
74,95,96,113,161,134,115,112,89,91,81,61,60,32,23,13.0,10.0,5.0,0.0,0.0,2022-01-18,화요일,1365,승차,천왕,2751.0,9753,2022-12-31
86,90,98,117,153,134,135,100,72,80,77,71,60,32,16,15.0,11.0,3.0,0.0,0.0,2022-01-19,수요일,1350,승차,천왕,2751.0,10297,2022-12-31
75,98,97,103,127,127,106,117,136,98,73,84,59,34,19,18.0,8.0,5.0,0.0,0.0,2022-01-20,목요일,1384,승차,천왕,2751.0,10841,2022-12-31
75,93,100,106,123,136,109,124,120,106,91,76,57,28,32,12.0,6.0,3.0,1.0,0.0,2022-01-21,금요일,1398,승차,천왕,2751.0,11385,2022-12-31
52,70,40,72,95,114,109,108,104,99,79,68,36,28,15,10.0,4.0,4.0,1.0,0.0,2022-01-22,토요일,1108,승차,천왕,2751.0,11929,2022-12-31
23,36,35,61,112,104,73,76,63,76,62,38,39,26,12,10.0,4.0,3.0,0.0,0.0,2022-01-23,일요일,853,승차,천왕,2751.0,12473,2022-12-31
77,105,111,108,167,160,106,100,127,99,85,83,44,25,21,23.0,10.0,2.0,0.0,0.0,2022-01-24,월요일,1453,승차,천왕,2751.0,13017,2022-12-31
74,91,98,102,158,161,115,133,118,125,76,80,64,29,21,18.0,9.0,2.0,0.0,0.0,2022-01-25,화요일,1474,승차,천왕,2751.0,13561,2022-12-31
84,108,106,114,162,153,122,145,112,109,85,94,62,45,20,22.0,15.0,5.0,0.0,0.0,2022-01-26,수요일,1563,승차,천왕,2751.0,14105,2022-12-31
83,81,106,108,156,149,112,123,112,117,102,77,54,30,22,9.0,8.0,6.0,0.0,0.0,2022-01-27,목요일,1455,승차,천왕,2751.0,14649,2022-12-31
72,94,111,116,133,152,117,127,111,127,91,77,60,32,13,18.0,7.0,3.0,0.0,0.0,2022-01-28,금요일,1461,승차,천왕,2751.0,15193,2022-12-31
50,54,48,50,85,123,114,101,85,92,70,66,47,20,14,13.0,3.0,2.0,1.0,0.0,2022-01-29,토요일,1038,승차,천왕,2751.0,15737,2022-12-31
25,49,38,42,99,118,56,83,94,74,76,42,31,7,10,11.0,13.0,4.0,1.0,0.0,2022-01-30,일요일,873,승차,천왕,2751.0,16281,2022-12-31
18,35,16,27,36,65,66,56,58,63,48,31,20,18,8,13.0,6.0,1.0,0.0,0.0,2022-01-31,월요일,585,승차,천왕,2751.0,16825,2022-12-31
22,30,22,14,29,25,39,18,20,32,23,28,19,7,15,8.0,7.0,3.0,1.0,0.0,2022-02-01,화요일,362,승차,천왕,2751.0,17369,2022-12-31
18,33,23,18,41,60,54,39,48,52,46,35,23,32,11,21.0,11.0,3.0,2.0,0.0,2022-02-02,수요일,570,승차,천왕,2751.0,17913,2022-12-31
88,93,90,101,123,97,84,83,99,64,68,68,44,41,20,10.0,5.0,4.0,1.0,0.0,2022-02-03,목요일,1183,승차,천왕,2751.0,18457,2022-12-31
78,84,90,115,146,133,107,97,75,89,78,54,52,30,19,15.0,7.0,3.0,0.0,0.0,2022-02-04,금요일,1272,승차,천왕,2751.0,19001,2022-12-31
47,68,41,53,87,113,103,92,79,69,47,42,27,22,10,13.0,2.0,1.0,0.0,0.0,2022-02-05,토요일,916,승차,천왕,2751.0,19545,2022-12-31
21,32,37,46,102,103,51,70,73,60,48,35,18,29,12,12.0,6.0,2.0,0.0,0.0,2022-02-06,일요일,757,승차,천왕,2751.0,20089,2022-12-31
81,92,104,108,139,138,98,117,120,93,83,74,40,33,14,13.0,9.0,3.0,0.0,0.0,2022-02-07,월요일,1359,승차,천왕,2751.0,20633,2022-12-31
80,77,97,103,155,128,106,107,126,108,102,84,48,23,17,14.0,12.0,2.0,0.0,0.0,2022-02-08,화요일,1389,승차,천왕,2751.0,21177,2022-12-31
78,101,99,110,156,131,118,106,116,94,75,64,52,38,15,26.0,11.0,3.0,0.0,0.0,2022-02-09,수요일,1393,승차,천왕,2751.0,21721,2022-12-31
83,91,98,121,142,135,97,99,124,83,62,76,55,27,17,9.0,9.0,2.0,1.0,0.0,2022-02-10,목요일,1331,승차,천왕,2751.0,22265,2022-12-31
77,96,105,124,133,134,115,117,118,102,99,102,56,29,23,16.0,12.0,5.0,2.0,0.0,2022-02-11,금요일,1465,승차,천왕,2751.0,22809,2022-12-31
44,56,44,60,101,129,103,99,84,74,85,58,36,27,18,12.0,9.0,8.0,0.0,0.0,2022-02-12,토요일,1047,승차,천왕,2751.0,23353,2022-12-31
30,43,36,57,112,105,54,76,96,52,44,52,36,17,11,7.0,5.0,4.0,0.0,0.0,2022-02-13,일요일,837,승차,천왕,2751.0,23897,2022-12-31
70,95,104,122,154,152,102,113,117,89,87,71,42,24,21,11.0,7.0,3.0,1.0,0.0,2022-02-14,월요일,1385,승차,천왕,2751.0,24441,2022-12-31
79,103,107,113,148,109,95,91,100,81,73,69,47,33,18,15.0,7.0,3.0,0.0,0.0,2022-02-15,화요일,1291,승차,천왕,2751.0,24985,2022-12-31
75,87,106,96,143,87,109,95,111,99,72,78,39,28,17,20.0,7.0,4.0,0.0,0.0,2022-02-16,수요일,1273,승차,천왕,2751.0,25529,2022-12-31
73,97,100,106,127,93,76,90,95,84,69,51,50,32,9,19.0,9.0,5.0,0.0,0.0,2022-02-17,목요일,1185,승차,천왕,2751.0,26073,2022-12-31
80,82,113,106,145,118,88,110,114,92,90,71,56,35,18,13.0,9.0,2.0,0.0,0.0,2022-02-18,금요일,1342,승차,천왕,2751.0,26617,2022-12-31
55,76,51,62,110,103,92,103,78,77,59,51,30,20,7,12.0,8.0,3.0,1.0,0.0,2022-02-19,토요일,998,승차,천왕,2751.0,27161,2022-12-31
29,34,37,50,101,89,42,73,75,44,34,39,23,15,11,8.0,3.0,2.0,0.0,0.0,2022-02-20,일요일,709,승차,천왕,2751.0,27705,2022-12-31
69,115,111,108,157,136,93,102,107,105,83,59,43,32,17,11.0,4.0,3.0,1.0,0.0,2022-02-21,월요일,1356,승차,천왕,2751.0,28249,2022-12-31
63,84,117,102,137,97,122,94,119,99,82,73,37,28,19,12.0,7.0,3.0,0.0,0.0,2022-02-22,화요일,1295,승차,천왕,2751.0,28793,2022-12-31
73,101,101,121,138,109,91,107,84,82,77,88,43,30,15,18.0,11.0,4.0,0.0,0.0,2022-02-23,수요일,1293,승차,천왕,2751.0,29337,2022-12-31
76,82,104,101,121,119,105,98,119,99,77,64,51,32,27,11.0,8.0,2.0,3.0,0.0,2022-02-24,목요일,1299,승차,천왕,2751.0,29881,2022-12-31
79,100,100,110,140,121,116,125,90,127,87,97,50,39,25,10.0,11.0,3.0,0.0,0.0,2022-02-25,금요일,1430,승차,천왕,2751.0,30425,2022-12-31
59,60,46,61,102,99,109,81,67,65,56,46,32,28,6,4.0,8.0,2.0,0.0,0.0,2022-02-26,토요일,931,승차,천왕,2751.0,30969,2022-12-31
33,47,40,49,105,102,72,62,86,62,48,51,38,26,15,10.0,7.0,5.0,1.0,0.0,2022-02-27,일요일,859,승차,천왕,2751.0,31513,2022-12-31
68,76,103,102,159,148,109,115,108,109,86,94,40,27,24,9.0,11.0,4.0,1.0,0.0,2022-02-28,월요일,1393,승차,천왕,2751.0,32057,2022-12-31
35,54,37,48,74,91,76,59,77,70,66,44,32,25,20,11.0,8.0,1.0,0.0,0.0,2022-03-01,화요일,828,승차,천왕,2751.0,32601,2022-12-31
81,85,100,109,148,131,108,103,105,89,79,77,43,32,24,16.0,10.0,2.0,0.0,0.0,2022-03-02,수요일,1342,승차,천왕,2751.0,33145,2022-12-31
91,97,111,101,144,144,98,89,127,92,77,99,55,30,23,12.0,9.0,4.0,0.0,0.0,2022-03-03,목요일,1403,승차,천왕,2751.0,33689,2022-12-31
86,87,104,109,144,121,118,122,104,87,76,80,51,29,25,12.0,10.0,3.0,0.0,0.0,2022-03-04,금요일,1368,승차,천왕,2751.0,34233,2022-12-31
60,69,57,65,93,102,113,73,93,67,69,52,35,19,18,14.0,8.0,3.0,1.0,0.0,2022-03-05,토요일,1011,승차,천왕,2751.0,34777,2022-12-31
26,34,46,60,93,99,66,64,81,48,40,40,27,19,14,7.0,6.0,1.0,0.0,0.0,2022-03-06,일요일,771,승차,천왕,2751.0,35321,2022-12-31
82,104,107,112,162,142,95,114,105,83,72,78,34,38,16,10.0,8.0,2.0,0.0,0.0,2022-03-07,월요일,1364,승차,천왕,2751.0,35865,2022-12-31
81,87,99,100,149,129,104,98,93,86,98,72,45,40,20,15.0,11.0,5.0,0.0,0.0,2022-03-08,화요일,1332,승차,천왕,2751.0,36409,2022-12-31
38,59,34,52,89,113,83,76,75,52,57,43,44,21,13,12.0,3.0,6.0,0.0,0.0,2022-03-09,수요일,870,승차,천왕,2751.0,36953,2022-12-31
93,88,113,97,139,124,90,88,108,93,91,74,40,29,14,12.0,7.0,6.0,2.0,0.0,2022-03-10,목요일,1308,승차,천왕,2751.0,37497,2022-12-31
88,102,94,112,140,139,113,111,103,94,87,92,68,27,22,12.0,9.0,2.0,0.0,0.0,2022-03-11,금요일,1415,승차,천왕,2751.0,38041,2022-12-31
56,56,44,65,122,119,124,81,81,54,61,56,47,23,7,15.0,5.0,1.0,1.0,0.0,2022-03-12,토요일,1018,승차,천왕,2751.0,38585,2022-12-31
25,49,33,38,84,76,47,69,96,46,36,38,24,14,15,10.0,2.0,3.0,1.0,0.0,2022-03-13,일요일,706,승차,천왕,2751.0,39129,2022-12-31
72,87,98,105,155,140,117,92,68,70,70,56,46,24,15,7.0,6.0,5.0,0.0,0.0,2022-03-14,월요일,1233,승차,천왕,2751.0,39673,2022-12-31
83,108,96,101,145,106,106,105,123,99,80,90,60,34,14,19.0,5.0,2.0,0.0,0.0,2022-03-15,화요일,1376,승차,천왕,2751.0,40217,2022-12-31
89,81,101,103,152,131,103,95,93,80,94,78,50,36,21,17.0,9.0,2.0,0.0,0.0,2022-03-16,수요일,1335,승차,천왕,2751.0,40761,2022-12-31
88,106,105,108,129,119,110,91,100,94,71,57,61,26,18,13.0,7.0,3.0,0.0,0.0,2022-03-17,목요일,1306,승차,천왕,2751.0,41305,2022-12-31
73,77,110,96,116,120,103,100,96,83,77,68,52,24,28,13.0,9.0,7.0,1.0,0.0,2022-03-18,금요일,1253,승차,천왕,2751.0,41849,2022-12-31
60,71,43,53,77,79,109,80,81,69,53,46,32,23,7,14.0,5.0,2.0,0.0,0.0,2022-03-19,토요일,904,승차,천왕,2751.0,42393,2022-12-31
29,38,46,54,104,101,58,77,70,52,45,38,30,22,19,10.0,12.0,3.0,0.0,0.0,2022-03-20,일요일,808,승차,천왕,2751.0,42937,2022-12-31
69,109,95,112,146,115,115,117,98,79,77,77,44,26,19,13.0,11.0,3.0,0.0,0.0,2022-03-21,월요일,1325,승차,천왕,2751.0,43481,2022-12-31
78,74,111,97,131,120,105,104,107,99,76,85,55,39,21,8.0,12.0,2.0,1.0,0.0,2022-03-22,화요일,1325,승차,천왕,2751.0,44025,2022-12-31
87,100,92,106,115,104,115,109,96,91,78,66,48,28,24,22.0,10.0,2.0,0.0,0.0,2022-03-23,수요일,1293,승차,천왕,2751.0,44569,2022-12-31
73,79,110,92,133,93,92,88,112,90,93,81,55,29,17,11.0,10.0,2.0,1.0,0.0,2022-03-24,목요일,1261,승차,천왕,2751.0,45113,2022-12-31
79,105,105,101,143,121,129,100,119,89,77,76,58,43,27,8.0,5.0,1.0,1.0,0.0,2022-03-25,금요일,1387,승차,천왕,2751.0,45657,2022-12-31
46,44,44,51,79,95,83,88,83,64,55,56,47,39,16,10.0,13.0,1.0,0.0,0.0,2022-03-26,토요일,914,승차,천왕,2751.0,46201,2022-12-31
39,45,44,56,115,120,72,75,82,61,41,31,39,14,19,10.0,9.0,2.0,0.0,0.0,2022-03-27,일요일,874,승차,천왕,2751.0,46745,2022-12-31
73,81,105,121,142,142,125,104,102,99,74,59,49,28,27,12.0,7.0,5.0,0.0,0.0,2022-03-28,월요일,1355,승차,천왕,2751.0,47289,2022-12-31
83,111,109,113,159,131,104,106,111,91,83,81,59,42,17,13.0,13.0,3.0,0.0,0.0,2022-03-29,화요일,1429,승차,천왕,2751.0,47833,2022-12-31
81,85,103,102,148,109,110,106,119,88,71,51,48,33,22,18.0,8.0,2.0,0.0,0.0,2022-03-30,수요일,1304,승차,천왕,2751.0,48377,2022-12-31
84,100,110,112,145,112,101,101,110,94,95,65,38,26,28,11.0,9.0,5.0,2.0,0.0,2022-03-31,목요일,1348,승차,천왕,2751.0,48921,2022-12-31
95,78,111,117,164,137,117,102,118,86,65,67,64,35,38,20.0,5.0,7.0,0.0,0.0,2022-04-01,금요일,1426,승차,천왕,2751.0,49465,2022-12-31
60,74,55,73,132,117,133,99,90,89,73,59,41,12,19,21.0,3.0,1.0,1.0,0.0,2022-04-02,토요일,1152,승차,천왕,2751.0,50009,2022-12-31
26,35,51,57,122,111,70,76,92,59,59,43,43,26,24,8.0,5.0,2.0,0.0,0.0,2022-04-03,일요일,909,승차,천왕,2751.0,50553,2022-12-31
78,102,107,129,171,133,94,107,102,75,93,67,60,42,16,11.0,8.0,3.0,3.0,0.0,2022-04-04,월요일,1401,승차,천왕,2751.0,51097,2022-12-31
87,80,117,103,166,150,120,104,114,90,94,85,61,34,24,12.0,7.0,3.0,2.0,0.0,2022-04-05,화요일,1453,승차,천왕,2751.0,51641,2022-12-31
91,99,111,102,159,129,121,115,113,90,88,84,57,36,18,25.0,11.0,4.0,0.0,0.0,2022-04-06,수요일,1453,승차,천왕,2751.0,52185,2022-12-31
94,85,114,97,156,151,121,122,110,92,90,76,63,34,20,8.0,5.0,7.0,2.0,0.0,2022-04-07,목요일,1447,승차,천왕,2751.0,52729,2022-12-31
83,101,119,117,150,150,129,126,120,114,97,85,55,48,33,22.0,8.0,13.0,0.0,0.0,2022-04-08,금요일,1570,승차,천왕,2751.0,53273,2022-12-31
59,62,57,76,111,157,119,97,90,68,80,64,44,37,16,13.0,9.0,6.0,0.0,0.0,2022-04-09,토요일,1165,승차,천왕,2751.0,53817,2022-12-31
36,42,42,67,128,119,77,97,65,76,68,35,34,23,21,8.0,7.0,7.0,0.0,0.0,2022-04-10,일요일,952,승차,천왕,2751.0,54361,2022-12-31
88,98,124,143,164,178,116,112,111,99,76,97,55,34,28,11.0,9.0,5.0,0.0,0.0,2022-04-11,월요일,1548,승차,천왕,2751.0,54905,2022-12-31
103,105,121,118,163,136,104,119,108,100,95,82,56,51,20,20.0,7.0,7.0,0.0,0.0,2022-04-12,화요일,1515,승차,천왕,2751.0,55449,2022-12-31
98,89,104,117,168,132,113,96,113,89,82,65,51,39,17,15.0,10.0,5.0,2.0,0.0,2022-04-13,수요일,1405,승차,천왕,2751.0,55993,2022-12-31
108,102,113,100,142,135,140,110,93,87,91,104,55,40,28,15.0,12.0,3.0,2.0,0.0,2022-04-14,목요일,1480,승차,천왕,2751.0,56537,2022-12-31
90,85,123,122,169,142,129,111,134,93,86,97,56,53,24,12.0,20.0,12.0,1.0,0.0,2022-04-15,금요일,1559,승차,천왕,2751.0,57081,2022-12-31
69,73,61,69,137,126,130,117,73,82,58,63,48,27,19,21.0,7.0,3.0,1.0,0.0,2022-04-16,토요일,1184,승차,천왕,2751.0,57625,2022-12-31
48,37,48,74,125,118,71,89,85,68,64,52,38,27,11,11.0,4.0,3.0,0.0,0.0,2022-04-17,일요일,973,승차,천왕,2751.0,58169,2022-12-31
90,102,120,116,156,167,118,115,111,93,87,82,50,44,32,12.0,7.0,6.0,0.0,0.0,2022-04-18,월요일,1508,승차,천왕,2751.0,58713,2022-12-31
102,89,113,129,157,149,111,122,112,110,103,101,56,31,28,16.0,13.0,5.0,1.0,0.0,2022-04-19,화요일,1548,승차,천왕,2751.0,59257,2022-12-31
82,104,105,130,166,134,122,104,121,100,89,90,51,49,23,19.0,10.0,5.0,1.0,0.0,2022-04-20,수요일,1505,승차,천왕,2751.0,59801,2022-12-31
100,89,123,99,154,146,143,114,113,101,98,112,40,43,26,16.0,10.0,10.0,2.0,0.0,2022-04-21,목요일,1539,승차,천왕,2751.0,60345,2022-12-31
99,98,110,117,157,140,124,142,95,104,96,78,54,39,23,18.0,11.0,12.0,1.0,0.0,2022-04-22,금요일,1518,승차,천왕,2751.0,60889,2022-12-31
79,70,58,81,153,134,138,101,97,84,82,71,47,47,18,20.0,4.0,5.0,1.0,0.0,2022-04-23,토요일,1290,승차,천왕,2751.0,61433,2022-12-31
45,54,47,72,158,118,62,84,64,69,61,59,30,17,22,14.0,2.0,4.0,0.0,0.0,2022-04-24,일요일,982,승차,천왕,2751.0,61977,2022-12-31
96,99,115,127,176,136,130,117,125,112,112,85,63,35,20,12.0,8.0,7.0,1.0,0.0,2022-04-25,월요일,1576,승차,천왕,2751.0,62521,2022-12-31
93,102,117,114,162,168,118,144,117,103,96,94,65,41,25,21.0,7.0,6.0,0.0,0.0,2022-04-26,화요일,1593,승차,천왕,2751.0,63065,2022-12-31
102,90,119,107,174,138,136,132,131,95,88,92,53,51,27,26.0,12.0,7.0,0.0,0.0,2022-04-27,수요일,1580,승차,천왕,2751.0,63609,2022-12-31
95,104,127,114,157,142,125,124,118,116,107,83,46,49,27,16.0,7.0,6.0,1.0,0.0,2022-04-28,목요일,1564,승차,천왕,2751.0,64153,2022-12-31
87,85,125,93,133,148,110,113,106,107,109,91,58,39,27,17.0,11.0,7.0,1.0,0.0,2022-04-29,금요일,1467,승차,천왕,2751.0,64697,2022-12-31
64,81,82,77,130,135,118,96,87,80,67,90,42,28,21,12.0,11.0,3.0,0.0,0.0,2022-04-30,토요일,1224,승차,천왕,2751.0,65241,2022-12-31
40,43,53,87,137,123,74,89,75,85,78,62,32,30,29,19.0,11.0,1.0,1.0,0.0,2022-05-01,일요일,1069,승차,천왕,2751.0,65785,2022-12-31
97,116,117,125,159,150,126,151,122,100,97,94,61,42,29,13.0,11.0,7.0,1.0,0.0,2022-05-02,월요일,1618,승차,천왕,2751.0,66329,2022-12-31
108,93,124,126,165,164,122,139,111,125,83,91,57,42,20,19.0,10.0,5.0,0.0,0.0,2022-05-03,화요일,1604,승차,천왕,2751.0,66873,2022-12-31
98,110,124,132,188,147,141,129,118,95,99,85,77,52,28,25.0,11.0,5.0,0.0,0.0,2022-05-04,수요일,1664,승차,천왕,2751.0,67417,2022-12-31
45,57,54,68,93,138,122,90,77,70,65,71,68,35,21,7.0,5.0,6.0,1.0,0.0,2022-05-05,목요일,1093,승차,천왕,2751.0,67961,2022-12-31
97,107,117,129,157,173,120,114,122,113,97,86,50,40,26,17.0,15.0,7.0,1.0,0.0,2022-05-06,금요일,1588,승차,천왕,2751.0,68505,2022-12-31
66,68,57,76,127,121,112,102,82,84,73,54,50,40,13,23.0,13.0,2.0,5.0,0.0,2022-05-07,토요일,1168,승차,천왕,2751.0,69049,2022-12-31
39,63,57,80,141,116,60,88,78,69,64,65,38,30,11,13.0,5.0,5.0,0.0,0.0,2022-05-08,일요일,1022,승차,천왕,2751.0,69593,2022-12-31
93,98,114,125,181,161,121,118,120,84,104,85,53,53,24,22.0,9.0,3.0,1.0,0.0,2022-05-09,월요일,1569,승차,천왕,2751.0,70137,2022-12-31
88,117,135,118,186,134,122,127,123,85,90,86,60,46,19,21.0,7.0,9.0,1.0,0.0,2022-05-10,화요일,1574,승차,천왕,2751.0,70681,2022-12-31
94,104,123,122,167,153,126,131,121,93,116,88,58,42,31,22.0,11.0,6.0,1.0,0.0,2022-05-11,수요일,1609,승차,천왕,2751.0,71225,2022-12-31
102,108,109,124,188,142,152,144,102,105,92,82,59,43,27,19.0,7.0,7.0,0.0,0.0,2022-05-12,목요일,1612,승차,천왕,2751.0,71769,2022-12-31
100,96,131,130,184,171,130,105,111,117,98,84,70,54,30,17.0,15.0,5.0,1.0,0.0,2022-05-13,금요일,1649,승차,천왕,2751.0,72313,2022-12-31
77,80,72,83,122,170,131,118,94,75,74,67,60,32,19,15.0,13.0,5.0,0.0,0.0,2022-05-14,토요일,1307,승차,천왕,2751.0,72857,2022-12-31
46,49,60,74,154,119,84,91,96,60,82,57,51,37,20,21.0,4.0,1.0,0.0,0.0,2022-05-15,일요일,1106,승차,천왕,2751.0,73401,2022-12-31
97,116,136,133,165,137,166,125,118,95,92,98,62,39,29,22.0,7.0,3.0,1.0,0.0,2022-05-16,월요일,1641,승차,천왕,2751.0,73945,2022-12-31
97,92,120,136,179,146,116,150,121,94,93,90,51,39,29,16.0,9.0,6.0,2.0,0.0,2022-05-17,화요일,1586,승차,천왕,2751.0,74489,2022-12-31
111,109,121,127,149,122,115,137,102,103,115,87,55,61,30,23.0,11.0,4.0,0.0,0.0,2022-05-18,수요일,1582,승차,천왕,2751.0,75033,2022-12-31
104,94,131,135,169,142,126,124,141,115,94,90,56,46,28,21.0,9.0,6.0,3.0,0.0,2022-05-19,목요일,1634,승차,천왕,2751.0,75577,2022-12-31
101,102,132,109,188,149,149,119,109,111,113,73,68,63,29,18.0,13.0,8.0,1.0,0.0,2022-05-20,금요일,1655,승차,천왕,2751.0,76121,2022-12-31
71,78,64,90,130,173,141,122,80,85,96,55,46,40,20,25.0,12.0,5.0,1.0,0.0,2022-05-21,토요일,1334,승차,천왕,2751.0,76665,2022-12-31
47,50,66,75,178,132,82,87,82,92,54,66,50,35,25,23.0,10.0,5.0,1.0,0.0,2022-05-22,일요일,1160,승차,천왕,2751.0,77209,2022-12-31
94,100,123,142,188,163,119,130,113,86,104,93,65,42,30,23.0,5.0,6.0,2.0,0.0,2022-05-23,월요일,1628,승차,천왕,2751.0,77753,2022-12-31
92,115,128,126,192,154,123,127,113,79,97,119,63,46,28,29.0,9.0,5.0,2.0,0.0,2022-05-24,화요일,1647,승차,천왕,2751.0,78297,2022-12-31
101,98,121,157,162,176,123,108,128,114,96,83,65,60,25,25.0,17.0,7.0,1.0,0.0,2022-05-25,수요일,1667,승차,천왕,2751.0,78841,2022-12-31
100,100,115,131,204,166,113,135,142,106,86,86,67,43,42,23.0,18.0,9.0,1.0,0.0,2022-05-26,목요일,1687,승차,천왕,2751.0,79385,2022-12-31
99,96,136,126,196,149,139,132,113,116,103,103,67,41,32,24.0,13.0,11.0,0.0,0.0,2022-05-27,금요일,1696,승차,천왕,2751.0,79929,2022-12-31
77,83,67,86,158,156,120,90,96,94,75,76,39,41,38,16.0,17.0,3.0,1.0,0.0,2022-05-28,토요일,1333,승차,천왕,2751.0,80473,2022-12-31
31,45,64,80,160,147,94,114,77,78,74,51,55,36,25,17.0,9.0,5.0,1.0,0.0,2022-05-29,일요일,1163,승차,천왕,2751.0,81017,2022-12-31
94,114,110,140,200,174,126,125,131,94,86,76,66,28,29,24.0,7.0,3.0,1.0,0.0,2022-05-30,월요일,1628,승차,천왕,2751.0,81561,2022-12-31
109,97,126,147,193,179,150,111,108,117,92,90,58,37,32,20.0,15.0,8.0,2.0,0.0,2022-05-31,화요일,1691,승차,천왕,2751.0,82105,2022-12-31
50,61,59,66,125,141,122,119,71,79,80,58,46,52,35,19.0,9.0,7.0,0.0,0.0,2022-06-01,수요일,1199,승차,천왕,2751.0,82649,2022-12-31
111,93,111,135,184,151,121,139,117,93,113,84,56,50,31,15.0,11.0,10.0,1.0,0.0,2022-06-02,목요일,1626,승차,천왕,2751.0,83193,2022-12-31
101,111,127,135,188,160,122,129,108,116,84,88,71,53,39,24.0,12.0,7.0,2.0,0.0,2022-06-03,금요일,1677,승차,천왕,2751.0,83737,2022-12-31
68,65,69,83,145,151,125,112,78,80,87,69,41,34,30,11.0,11.0,4.0,0.0,0.0,2022-06-04,토요일,1263,승차,천왕,2751.0,84281,2022-12-31
46,55,58,92,136,122,96,96,99,65,87,45,36,40,22,13.0,5.0,3.0,0.0,0.0,2022-06-05,일요일,1116,승차,천왕,2751.0,84825,2022-12-31
41,59,57,58,100,99,99,104,80,68,70,50,38,41,36,11.0,2.0,7.0,1.0,0.0,2022-06-06,월요일,1021,승차,천왕,2751.0,85369,2022-12-31
118,124,111,136,207,157,116,139,165,113,97,85,58,48,27,19.0,8.0,7.0,2.0,0.0,2022-06-07,화요일,1737,승차,천왕,2751.0,85913,2022-12-31
110,97,107,154,187,146,144,123,93,92,97,95,58,50,33,27.0,9.0,8.0,1.0,2.0,2022-06-08,수요일,1633,승차,천왕,2751.0,86457,2022-12-31
100,115,126,144,169,154,107,125,129,98,88,79,63,48,22,30.0,7.0,7.0,3.0,0.0,2022-06-09,목요일,1614,승차,천왕,2751.0,87001,2022-12-31
106,103,130,141,187,145,139,139,132,79,86,93,70,48,30,20.0,9.0,12.0,0.0,0.0,2022-06-10,금요일,1669,승차,천왕,2751.0,87545,2022-12-31
63,82,77,100,161,142,135,94,72,75,83,84,58,58,29,14.0,13.0,11.0,3.0,0.0,2022-06-11,토요일,1354,승차,천왕,2751.0,88089,2022-12-31
39,44,48,93,165,141,80,85,95,66,81,70,47,30,17,19.0,10.0,3.0,0.0,0.0,2022-06-12,일요일,1133,승차,천왕,2751.0,88633,2022-12-31
96,109,108,152,179,175,129,113,128,91,104,81,72,35,30,13.0,13.0,5.0,1.0,0.0,2022-06-13,월요일,1634,승차,천왕,2751.0,89177,2022-12-31
108,100,116,174,188,169,121,130,111,123,104,89,68,35,28,17.0,9.0,2.0,2.0,0.0,2022-06-14,화요일,1694,승차,천왕,2751.0,89721,2022-12-31
98,109,123,144,166,130,130,113,121,96,94,79,78,44,29,33.0,11.0,7.0,0.0,0.0,2022-06-15,수요일,1605,승차,천왕,2751.0,90265,2022-12-31
94,96,123,121,189,194,132,128,146,125,90,105,47,40,32,30.0,16.0,15.0,4.0,1.0,2022-06-16,목요일,1728,승차,천왕,2751.0,90809,2022-12-31
87,101,139,146,186,159,136,104,148,108,102,87,87,51,31,23.0,20.0,5.0,3.0,0.0,2022-06-17,금요일,1723,승차,천왕,2751.0,91353,2022-12-31
81,78,64,92,121,138,127,120,89,88,79,56,65,23,30,23.0,7.0,9.0,2.0,0.0,2022-06-18,토요일,1292,승차,천왕,2751.0,91897,2022-12-31
49,59,51,82,135,166,88,94,91,87,61,75,51,40,31,10.0,9.0,3.0,1.0,0.0,2022-06-19,일요일,1183,승차,천왕,2751.0,92441,2022-12-31
98,105,128,153,168,171,121,116,114,86,85,83,65,36,32,25.0,7.0,7.0,3.0,0.0,2022-06-20,월요일,1603,승차,천왕,2751.0,92985,2022-12-31
106,118,127,150,191,159,117,102,93,106,100,84,67,50,33,27.0,9.0,5.0,2.0,0.0,2022-06-21,화요일,1646,승차,천왕,2751.0,93529,2022-12-31
92,103,125,147,183,163,136,126,101,110,98,109,77,65,31,19.0,11.0,4.0,2.0,0.0,2022-06-22,수요일,1702,승차,천왕,2751.0,94073,2022-12-31
103,110,116,138,178,150,97,121,93,86,68,58,44,49,21,15.0,6.0,5.0,1.0,0.0,2022-06-23,목요일,1459,승차,천왕,2751.0,94617,2022-12-31
95,102,125,143,192,175,121,145,135,112,117,93,74,49,45,19.0,11.0,11.0,3.0,0.0,2022-06-24,금요일,1767,승차,천왕,2751.0,95161,2022-12-31
64,85,85,118,144,153,133,99,69,87,93,72,44,37,28,25.0,16.0,6.0,1.0,0.0,2022-06-25,토요일,1359,승차,천왕,2751.0,95705,2022-12-31
47,34,56,81,148,114,78,86,81,65,75,37,26,28,28,19.0,7.0,2.0,0.0,0.0,2022-06-26,일요일,1012,승차,천왕,2751.0,96249,2022-12-31
96,108,121,142,182,143,119,103,116,96,71,86,59,35,24,15.0,8.0,4.0,1.0,0.0,2022-06-27,월요일,1529,승차,천왕,2751.0,96793,2022-12-31
96,99,121,129,196,119,126,127,104,91,73,75,57,34,25,17.0,8.0,1.0,0.0,1.0,2022-06-28,화요일,1499,승차,천왕,2751.0,97337,2022-12-31
102,105,105,142,161,140,117,104,97,86,85,78,46,41,17,25.0,11.0,3.0,2.0,0.0,2022-06-29,수요일,1467,승차,천왕,2751.0,97881,2022-12-31
86,84,98,113,107,106,110,106,110,96,83,68,42,26,22,20.0,12.0,4.0,2.0,0.0,2022-06-30,목요일,1295,승차,천왕,2751.0,98425,2022-12-31
96,108,125,146,188,153,124,121,133,92,100,77,77,66,29,22.0,16.0,12.0,3.0,0.0,2022-07-01,금요일,1688,승차,천왕,2751.0,98969,2022-12-31
76,68,68,74,145,176,127,112,74,59,78,60,66,45,29,26.0,17.0,6.0,0.0,0.0,2022-07-02,토요일,1306,승차,천왕,2751.0,99513,2022-12-31
41,43,51,114,137,119,72,80,81,80,46,73,43,28,15,18.0,7.0,4.0,0.0,0.0,2022-07-03,일요일,1052,승차,천왕,2751.0,100057,2022-12-31
91,98,131,159,188,161,119,126,102,82,81,95,68,40,31,14.0,11.0,6.0,0.0,0.0,2022-07-04,월요일,1603,승차,천왕,2751.0,100601,2022-12-31
93,118,128,127,209,161,118,113,113,97,80,68,64,44,31,20.0,11.0,6.0,0.0,0.0,2022-07-05,화요일,1601,승차,천왕,2751.0,101145,2022-12-31
98,94,117,141,188,171,123,125,106,101,87,77,64,42,28,27.0,10.0,4.0,0.0,0.0,2022-07-06,수요일,1603,승차,천왕,2751.0,101689,2022-12-31
99,115,110,124,167,156,109,120,101,101,92,81,57,38,31,19.0,6.0,5.0,2.0,0.0,2022-07-07,목요일,1533,승차,천왕,2751.0,102233,2022-12-31
102,87,128,150,173,154,130,117,122,104,94,74,66,41,31,22.0,21.0,4.0,2.0,0.0,2022-07-08,금요일,1622,승차,천왕,2751.0,102777,2022-12-31
64,84,73,91,123,151,117,107,78,81,69,64,51,32,23,21.0,18.0,2.0,2.0,0.0,2022-07-09,토요일,1251,승차,천왕,2751.0,103321,2022-12-31
43,37,55,94,141,112,80,72,69,62,60,44,38,30,24,12.0,11.0,6.0,1.0,0.0,2022-07-10,일요일,991,승차,천왕,2751.0,103865,2022-12-31
97,114,123,142,197,176,133,114,103,73,96,68,53,41,23,21.0,10.0,5.0,1.0,0.0,2022-07-11,월요일,1590,승차,천왕,2751.0,104409,2022-12-31
101,98,122,136,203,154,141,111,105,104,107,88,74,41,20,27.0,11.0,11.0,2.0,0.0,2022-07-12,화요일,1656,승차,천왕,2751.0,104953,2022-12-31
99,112,119,133,156,104,98,97,84,53,56,64,47,36,28,15.0,16.0,1.0,0.0,0.0,2022-07-13,수요일,1318,승차,천왕,2751.0,105497,2022-12-31
102,98,125,142,154,156,128,118,113,113,106,92,73,54,25,22.0,14.0,6.0,1.0,0.0,2022-07-14,목요일,1642,승차,천왕,2751.0,106041,2022-12-31
101,123,134,133,195,204,132,104,107,101,113,82,83,54,33,26.0,16.0,8.0,2.0,0.0,2022-07-15,금요일,1751,승차,천왕,2751.0,106585,2022-12-31
58,63,69,78,146,141,132,103,77,83,73,72,52,39,25,35.0,5.0,4.0,1.0,0.0,2022-07-16,토요일,1256,승차,천왕,2751.0,107129,2022-12-31
43,53,66,86,147,118,75,99,77,37,84,44,32,43,18,22.0,9.0,3.0,0.0,0.0,2022-07-17,일요일,1056,승차,천왕,2751.0,107673,2022-12-31
82,109,136,135,184,141,116,125,137,108,98,91,65,39,24,14.0,12.0,5.0,1.0,0.0,2022-07-18,월요일,1622,승차,천왕,2751.0,108217,2022-12-31
101,122,126,145,188,148,96,101,116,90,77,84,59,39,40,18.0,12.0,7.0,2.0,0.0,2022-07-19,화요일,1571,승차,천왕,2751.0,108761,2022-12-31
104,95,120,152,198,151,133,113,99,93,92,100,58,51,27,23.0,15.0,2.0,0.0,0.0,2022-07-20,수요일,1626,승차,천왕,2751.0,109305,2022-12-31
99,114,114,127,134,160,124,109,107,98,85,80,62,36,30,17.0,14.0,10.0,0.0,0.0,2022-07-21,목요일,1520,승차,천왕,2751.0,109849,2022-12-31
98,100,131,129,190,151,113,113,110,101,74,72,65,45,28,25.0,5.0,7.0,2.0,0.0,2022-07-22,금요일,1559,승차,천왕,2751.0,110393,2022-12-31
66,89,66,76,131,145,103,111,74,96,71,57,52,24,18,16.0,12.0,4.0,0.0,0.0,2022-07-23,토요일,1211,승차,천왕,2751.0,110937,2022-12-31
36,31,53,83,138,106,72,78,80,67,79,41,32,26,26,8.0,5.0,2.0,0.0,0.0,2022-07-24,일요일,963,승차,천왕,2751.0,111481,2022-12-31
102,120,144,133,186,176,112,129,92,96,98,90,59,48,26,22.0,10.0,6.0,2.0,0.0,2022-07-25,월요일,1651,승차,천왕,2751.0,112025,2022-12-31
96,100,129,130,182,142,123,99,85,84,90,84,61,53,23,21.0,14.0,1.0,0.0,1.0,2022-07-26,화요일,1518,승차,천왕,2751.0,112569,2022-12-31
102,109,120,149,187,146,115,109,77,85,77,86,51,43,26,27.0,18.0,4.0,0.0,0.0,2022-07-27,수요일,1531,승차,천왕,2751.0,113113,2022-12-31
97,106,121,142,151,163,125,99,101,84,78,77,68,42,23,10.0,6.0,6.0,0.0,1.0,2022-07-28,목요일,1500,승차,천왕,2751.0,113657,2022-12-31
101,115,112,131,180,153,105,105,75,91,93,87,59,42,21,21.0,9.0,9.0,1.0,0.0,2022-07-29,금요일,1510,승차,천왕,2751.0,114201,2022-12-31
62,57,56,89,137,114,77,86,60,57,43,40,51,36,31,13.0,7.0,2.0,0.0,0.0,2022-07-30,토요일,1018,승차,천왕,2751.0,114745,2022-12-31
46,49,57,73,121,103,65,51,65,39,53,47,36,31,18,14.0,11.0,4.0,0.0,0.0,2022-07-31,일요일,883,승차,천왕,2751.0,115289,2022-12-31
86,89,100,112,152,136,110,126,90,97,98,80,61,40,20,15.0,6.0,5.0,2.0,0.0,2022-08-01,월요일,1425,승차,천왕,2751.0,115833,2022-12-31
86,114,107,105,146,142,113,110,111,85,88,64,54,38,13,18.0,8.0,7.0,0.0,0.0,2022-08-02,화요일,1409,승차,천왕,2751.0,116377,2022-12-31
81,85,108,104,138,133,112,111,85,95,91,79,72,51,19,24.0,15.0,1.0,0.0,1.0,2022-08-03,수요일,1405,승차,천왕,2751.0,116921,2022-12-31
101,110,127,134,168,160,109,110,100,104,76,76,61,36,31,16.0,7.0,3.0,0.0,0.0,2022-08-04,목요일,1529,승차,천왕,2751.0,117465,2022-12-31
97,101,124,118,190,142,111,95,106,104,91,88,57,43,19,28.0,7.0,9.0,1.0,1.0,2022-08-05,금요일,1532,승차,천왕,2751.0,118009,2022-12-31
68,76,62,81,116,129,103,116,92,63,50,58,52,25,21,12.0,16.0,3.0,1.0,0.0,2022-08-06,토요일,1144,승차,천왕,2751.0,118553,2022-12-31
34,40,48,69,147,111,63,73,73,55,58,62,42,29,18,18.0,6.0,3.0,0.0,0.0,2022-08-07,일요일,949,승차,천왕,2751.0,119097,2022-12-31
103,109,135,130,164,150,96,92,57,84,81,55,49,30,20,8.0,9.0,4.0,3.0,0.0,2022-08-08,월요일,1379,승차,천왕,2751.0,119641,2022-12-31
84,83,106,103,117,108,66,85,78,68,58,71,37,28,17,6.0,4.0,3.0,3.0,0.0,2022-08-09,화요일,1125,승차,천왕,2751.0,120185,2022-12-31
94,108,127,122,162,140,119,94,108,101,101,82,55,59,25,24.0,8.0,3.0,1.0,0.0,2022-08-10,수요일,1533,승차,천왕,2751.0,120729,2022-12-31
71,85,118,105,165,141,92,133,104,102,88,94,56,46,25,8.0,9.0,4.0,0.0,0.0,2022-08-11,목요일,1446,승차,천왕,2751.0,121273,2022-12-31
108,100,139,135,214,165,115,101,99,97,96,78,64,46,40,19.0,11.0,6.0,0.0,0.0,2022-08-12,금요일,1633,승차,천왕,2751.0,121817,2022-12-31
65,69,54,80,125,138,132,89,74,65,77,62,43,28,19,10.0,6.0,4.0,0.0,0.0,2022-08-13,토요일,1140,승차,천왕,2751.0,122361,2022-12-31
37,49,55,72,129,104,97,84,68,58,52,43,44,28,19,23.0,3.0,9.0,2.0,0.0,2022-08-14,일요일,976,승차,천왕,2751.0,122905,2022-12-31
37,46,57,55,105,89,94,98,67,69,56,46,39,15,18,13.0,2.0,2.0,0.0,0.0,2022-08-15,월요일,908,승차,천왕,2751.0,123449,2022-12-31
99,110,134,131,204,137,121,123,99,107,100,79,69,52,31,14.0,3.0,6.0,1.0,0.0,2022-08-16,화요일,1620,승차,천왕,2751.0,123993,2022-12-31
96,98,132,118,191,149,131,109,126,89,90,87,66,39,20,18.0,12.0,4.0,3.0,1.0,2022-08-17,수요일,1579,승차,천왕,2751.0,124537,2022-12-31
100,113,119,124,167,171,110,111,113,119,86,99,71,43,21,16.0,13.0,1.0,0.0,0.0,2022-08-18,목요일,1597,승차,천왕,2751.0,125081,2022-12-31
100,92,133,128,182,185,118,135,119,88,104,67,47,43,22,14.0,10.0,10.0,1.0,0.0,2022-08-19,금요일,1598,승차,천왕,2751.0,125625,2022-12-31
67,76,70,85,130,137,130,114,74,79,65,52,50,34,22,21.0,5.0,5.0,0.0,0.0,2022-08-20,토요일,1216,승차,천왕,2751.0,126169,2022-12-31
34,43,64,73,149,120,64,80,80,50,61,34,38,31,21,16.0,6.0,3.0,1.0,0.0,2022-08-21,일요일,968,승차,천왕,2751.0,126713,2022-12-31
100,121,138,139,194,153,126,133,106,80,88,77,83,49,23,19.0,11.0,5.0,0.0,1.0,2022-08-22,월요일,1646,승차,천왕,2751.0,127257,2022-12-31
94,103,130,128,182,165,122,128,125,104,88,85,60,50,18,11.0,10.0,2.0,3.0,0.0,2022-08-23,화요일,1608,승차,천왕,2751.0,127801,2022-12-31
103,113,134,131,191,155,122,125,127,94,80,86,71,48,26,31.0,6.0,6.0,0.0,0.0,2022-08-24,수요일,1649,승차,천왕,2751.0,128345,2022-12-31
95,100,134,127,169,179,106,117,119,104,92,94,58,31,19,17.0,13.0,6.0,1.0,0.0,2022-08-25,목요일,1581,승차,천왕,2751.0,128889,2022-12-31
97,126,135,124,195,147,125,118,134,93,113,85,64,43,31,22.0,6.0,11.0,2.0,5.0,2022-08-26,금요일,1676,승차,천왕,2751.0,129433,2022-12-31
58,69,62,112,126,114,111,128,104,86,66,58,80,31,16,16.0,8.0,6.0,2.0,0.0,2022-08-27,토요일,1253,승차,천왕,2751.0,129977,2022-12-31
52,57,66,83,136,117,82,78,80,52,95,46,39,42,22,16.0,7.0,3.0,3.0,0.0,2022-08-28,일요일,1076,승차,천왕,2751.0,130521,2022-12-31
96,108,137,140,187,151,123,148,105,105,110,91,62,46,25,11.0,6.0,9.0,1.0,0.0,2022-08-29,월요일,1661,승차,천왕,2751.0,131065,2022-12-31
85,106,136,121,170,128,127,134,122,107,78,80,59,31,18,16.0,9.0,3.0,0.0,1.0,2022-08-30,화요일,1531,승차,천왕,2751.0,131609,2022-12-31
108,97,127,125,198,174,116,132,115,100,107,92,58,48,27,17.0,20.0,8.0,3.0,2.0,2022-08-31,수요일,1674,승차,천왕,2751.0,132153,2022-12-31
99,119,137,133,187,167,109,142,127,113,109,82,74,50,25,21.0,11.0,4.0,6.0,0.0,2022-09-01,목요일,1715,승차,천왕,2751.0,132697,2022-12-31
94,104,147,156,205,190,150,132,127,122,99,91,66,44,30,22.0,17.0,6.0,2.0,1.0,2022-09-02,금요일,1805,승차,천왕,2751.0,133241,2022-12-31
69,94,75,106,128,166,129,96,100,104,92,78,51,20,23,15.0,5.0,2.0,1.0,0.0,2022-09-03,토요일,1354,승차,천왕,2751.0,133785,2022-12-31
33,48,56,79,139,121,82,73,83,74,69,54,52,14,16,6.0,2.0,4.0,1.0,0.0,2022-09-04,일요일,1006,승차,천왕,2751.0,134329,2022-12-31
92,120,130,147,168,122,87,96,83,83,69,63,58,27,16,18.0,5.0,5.0,0.0,0.0,2022-09-05,월요일,1389,승차,천왕,2751.0,134873,2022-12-31
82,89,107,125,168,155,127,112,173,119,111,91,83,44,28,15.0,17.0,7.0,1.0,1.0,2022-09-06,화요일,1655,승차,천왕,2751.0,135417,2022-12-31
107,121,150,146,221,176,148,135,125,125,110,114,73,65,24,29.0,18.0,3.0,2.0,3.0,2022-09-07,수요일,1895,승차,천왕,2751.0,135961,2022-12-31
105,96,138,114,195,163,120,113,146,134,89,110,70,46,33,18.0,9.0,6.0,4.0,2.0,2022-09-08,목요일,1711,승차,천왕,2751.0,136505,2022-12-31
37,55,44,50,69,111,71,79,68,78,65,62,49,40,24,10.0,2.0,7.0,1.0,0.0,2022-09-09,금요일,922,승차,천왕,2751.0,137049,2022-12-31
23,31,32,27,44,39,45,36,37,33,32,40,21,19,9,11.0,9.0,3.0,0.0,0.0,2022-09-10,토요일,491,승차,천왕,2751.0,137593,2022-12-31
41,48,40,54,99,107,59,89,59,45,81,57,31,24,10,8.0,7.0,2.0,0.0,1.0,2022-09-11,일요일,862,승차,천왕,2751.0,138137,2022-12-31
30,44,40,48,99,88,95,88,87,66,55,63,38,30,13,19.0,16.0,4.0,1.0,0.0,2022-09-12,월요일,924,승차,천왕,2751.0,138681,2022-12-31
103,120,127,147,189,145,133,122,125,116,76,64,48,47,20,11.0,12.0,1.0,0.0,0.0,2022-09-13,화요일,1606,승차,천왕,2751.0,139225,2022-12-31
84,104,139,141,177,169,130,134,119,98,99,73,66,71,31,20.0,13.0,5.0,0.0,0.0,2022-09-14,수요일,1673,승차,천왕,2751.0,139769,2022-12-31
108,108,120,166,169,139,147,127,119,144,120,88,58,49,24,21.0,12.0,8.0,1.0,0.0,2022-09-15,목요일,1728,승차,천왕,2751.0,140313,2022-12-31
88,102,142,141,187,159,125,145,122,102,91,75,71,49,29,23.0,10.0,7.0,2.0,0.0,2022-09-16,금요일,1670,승차,천왕,2751.0,140857,2022-12-31
65,83,70,110,127,141,154,100,77,92,76,93,61,35,21,15.0,2.0,3.0,0.0,0.0,2022-09-17,토요일,1325,승차,천왕,2751.0,141401,2022-12-31
49,44,58,94,147,111,74,89,93,65,67,59,43,29,19,7.0,7.0,3.0,1.0,0.0,2022-09-18,일요일,1059,승차,천왕,2751.0,141945,2022-12-31
108,111,146,137,194,159,109,154,122,119,117,88,61,30,26,14.0,12.0,5.0,1.0,0.0,2022-09-19,월요일,1713,승차,천왕,2751.0,142489,2022-12-31
103,109,149,151,186,181,123,126,134,139,104,96,60,44,23,19.0,6.0,8.0,3.0,0.0,2022-09-20,화요일,1764,승차,천왕,2751.0,143033,2022-12-31
105,119,147,145,209,159,150,134,110,107,88,93,63,50,35,20.0,9.0,6.0,2.0,0.0,2022-09-21,수요일,1751,승차,천왕,2751.0,143577,2022-12-31
93,107,146,135,181,159,134,127,144,123,89,73,64,48,23,9.0,9.0,9.0,2.0,0.0,2022-09-22,목요일,1675,승차,천왕,2751.0,144121,2022-12-31
104,112,150,144,170,179,108,143,114,100,110,97,75,47,31,22.0,11.0,14.0,1.0,1.0,2022-09-23,금요일,1733,승차,천왕,2751.0,144665,2022-12-31
62,73,72,112,159,162,155,124,79,82,95,60,56,40,24,21.0,7.0,2.0,0.0,0.0,2022-09-24,토요일,1385,승차,천왕,2751.0,145209,2022-12-31
46,53,67,76,138,113,68,76,102,71,74,57,50,31,29,15.0,14.0,2.0,0.0,0.0,2022-09-25,일요일,1082,승차,천왕,2751.0,145753,2022-12-31
89,115,144,149,215,143,130,136,120,122,103,94,69,48,18,14.0,7.0,4.0,0.0,0.0,2022-09-26,월요일,1720,승차,천왕,2751.0,146297,2022-12-31
102,115,145,149,186,185,119,142,156,112,117,103,58,47,21,19.0,13.0,7.0,0.0,1.0,2022-09-27,화요일,1797,승차,천왕,2751.0,146841,2022-12-31
103,106,133,166,191,157,135,135,128,146,107,102,75,53,36,23.0,8.0,3.0,3.0,0.0,2022-09-28,수요일,1810,승차,천왕,2751.0,147385,2022-12-31
105,120,123,167,188,148,140,146,123,120,96,96,72,51,22,15.0,15.0,5.0,1.0,0.0,2022-09-29,목요일,1753,승차,천왕,2751.0,147929,2022-12-31
95,105,141,154,197,178,120,146,133,111,118,86,65,57,31,19.0,13.0,8.0,2.0,0.0,2022-09-30,금요일,1779,승차,천왕,2751.0,148473,2022-12-31
72,90,83,114,161,133,140,132,102,87,89,69,53,31,18,12.0,11.0,2.0,0.0,0.0,2022-10-01,토요일,1399,승차,천왕,2751.0,149017,2022-12-31
39,51,57,86,137,143,76,85,88,84,49,60,33,18,26,11.0,1.0,3.0,0.0,0.0,2022-10-02,일요일,1047,승차,천왕,2751.0,149561,2022-12-31
36,56,42,53,72,95,91,93,69,57,37,35,29,16,19,16.0,9.0,5.0,0.0,0.0,2022-10-03,월요일,830,승차,천왕,2751.0,150105,2022-12-31
103,112,134,145,209,172,112,156,137,117,112,108,62,38,13,13.0,10.0,5.0,3.0,0.0,2022-10-04,화요일,1761,승차,천왕,2751.0,150649,2022-12-31
98,117,137,147,198,191,130,150,119,96,96,113,75,49,27,22.0,12.0,2.0,0.0,0.0,2022-10-05,수요일,1779,승차,천왕,2751.0,151193,2022-12-31
97,103,129,135,204,165,137,138,165,114,112,95,60,43,30,16.0,9.0,6.0,1.0,0.0,2022-10-06,목요일,1759,승차,천왕,2751.0,151737,2022-12-31
108,129,149,145,188,154,132,127,128,110,113,107,71,57,32,19.0,13.0,6.0,0.0,0.0,2022-10-07,금요일,1788,승차,천왕,2751.0,152281,2022-12-31
62,78,74,101,159,152,162,141,103,87,84,74,63,39,13,9.0,3.0,5.0,1.0,0.0,2022-10-08,토요일,1410,승차,천왕,2751.0,152825,2022-12-31
46,59,66,68,119,115,64,95,70,42,76,43,40,24,12,10.0,3.0,5.0,2.0,0.0,2022-10-09,일요일,959,승차,천왕,2751.0,153369,2022-12-31
41,65,44,60,108,137,119,122,110,70,73,45,60,26,15,10.0,9.0,2.0,1.0,0.0,2022-10-10,월요일,1117,승차,천왕,2751.0,153913,2022-12-31
114,118,133,153,191,171,132,121,133,110,97,83,73,40,27,17.0,6.0,3.0,3.0,2.0,2022-10-11,화요일,1727,승차,천왕,2751.0,154457,2022-12-31
103,112,136,155,208,140,147,148,116,112,110,81,59,43,25,22.0,11.0,3.0,3.0,0.0,2022-10-12,수요일,1734,승차,천왕,2751.0,155001,2022-12-31
100,122,121,154,186,163,132,167,132,106,89,98,76,44,32,16.0,11.0,4.0,6.0,0.0,2022-10-13,목요일,1759,승차,천왕,2751.0,155545,2022-12-31
104,104,151,149,179,176,134,133,113,130,108,95,70,48,32,19.0,10.0,7.0,3.0,0.0,2022-10-14,금요일,1765,승차,천왕,2751.0,156089,2022-12-31
85,91,72,109,163,161,137,112,101,87,85,58,67,44,22,15.0,7.0,4.0,1.0,0.0,2022-10-15,토요일,1421,승차,천왕,2751.0,156633,2022-12-31
37,53,51,89,169,141,82,71,104,61,90,42,56,33,17,8.0,2.0,6.0,0.0,0.0,2022-10-16,일요일,1112,승차,천왕,2751.0,157177,2022-12-31
94,117,153,159,193,149,136,128,125,141,105,100,71,32,20,13.0,9.0,5.0,1.0,0.0,2022-10-17,월요일,1751,승차,천왕,2751.0,157721,2022-12-31
91,103,142,148,196,143,111,148,127,117,98,110,63,36,25,19.0,10.0,4.0,0.0,1.0,2022-10-18,화요일,1692,승차,천왕,2751.0,158265,2022-12-31
107,114,134,135,216,155,166,126,111,103,115,99,58,47,29,25.0,17.0,2.0,2.0,0.0,2022-10-19,수요일,1761,승차,천왕,2751.0,158809,2022-12-31
103,107,119,146,181,182,127,129,151,134,112,87,63,55,26,10.0,12.0,6.0,0.0,1.0,2022-10-20,목요일,1751,승차,천왕,2751.0,159353,2022-12-31
91,113,132,147,189,163,124,148,136,104,111,97,79,56,24,24.0,15.0,16.0,4.0,0.0,2022-10-21,금요일,1773,승차,천왕,2751.0,159897,2022-12-31
67,73,76,115,154,140,131,125,89,85,85,64,78,32,23,18.0,10.0,7.0,1.0,0.0,2022-10-22,토요일,1373,승차,천왕,2751.0,160441,2022-12-31
42,56,70,78,173,146,97,90,87,64,83,51,43,26,28,15.0,16.0,1.0,1.0,0.0,2022-10-23,일요일,1167,승차,천왕,2751.0,160985,2022-12-31
92,115,138,150,178,160,129,130,172,124,104,88,57,42,22,15.0,15.0,7.0,1.0,0.0,2022-10-24,월요일,1739,승차,천왕,2751.0,161529,2022-12-31
91,116,149,156,185,166,132,135,129,128,91,100,62,39,24,12.0,8.0,4.0,2.0,0.0,2022-10-25,화요일,1729,승차,천왕,2751.0,162073,2022-12-31
96,112,143,154,203,179,128,113,122,128,105,101,74,48,25,20.0,11.0,2.0,2.0,0.0,2022-10-26,수요일,1766,승차,천왕,2751.0,162617,2022-12-31
98,118,128,146,199,179,122,134,145,125,122,94,68,33,16,23.0,15.0,6.0,2.0,0.0,2022-10-27,목요일,1773,승차,천왕,2751.0,163161,2022-12-31
97,109,127,156,172,162,148,125,116,111,117,91,61,61,23,17.0,14.0,10.0,2.0,1.0,2022-10-28,금요일,1720,승차,천왕,2751.0,163705,2022-12-31
67,81,86,100,164,156,143,124,91,75,90,73,79,28,23,13.0,9.0,5.0,2.0,0.0,2022-10-29,토요일,1409,승차,천왕,2751.0,164249,2022-12-31
42,53,55,81,147,132,105,80,84,76,77,59,40,38,15,17.0,6.0,2.0,0.0,0.0,2022-10-30,일요일,1109,승차,천왕,2751.0,164793,2022-12-31
100,122,134,147,199,151,120,134,126,127,123,101,74,32,17,14.0,12.0,6.0,2.0,0.0,2022-10-31,월요일,1741,승차,천왕,2751.0,165337,2022-12-31
91,104,131,132,203,132,121,152,140,108,96,90,62,46,19,18.0,12.0,3.0,0.0,0.0,2022-11-01,화요일,1660,승차,천왕,2751.0,165881,2022-12-31
99,108,127,159,191,182,153,138,131,97,104,90,75,47,18,25.0,12.0,2.0,0.0,2.0,2022-11-02,수요일,1760,승차,천왕,2751.0,166425,2022-12-31
92,114,136,142,168,155,121,133,146,116,105,105,68,36,19,16.0,8.0,5.0,1.0,1.0,2022-11-03,목요일,1687,승차,천왕,2751.0,166969,2022-12-31
101,111,137,122,180,164,110,153,113,115,112,93,72,36,25,18.0,6.0,11.0,1.0,1.0,2022-11-04,금요일,1681,승차,천왕,2751.0,167513,2022-12-31
62,70,50,130,142,163,136,111,102,100,80,84,53,31,24,12.0,9.0,7.0,1.0,0.0,2022-11-05,토요일,1367,승차,천왕,2751.0,168057,2022-12-31
36,57,70,83,163,133,92,87,118,77,65,83,54,26,18,15.0,6.0,2.0,1.0,0.0,2022-11-06,일요일,1186,승차,천왕,2751.0,168601,2022-12-31
85,111,130,154,189,148,134,133,125,146,119,78,66,35,21,14.0,7.0,4.0,2.0,1.0,2022-11-07,월요일,1702,승차,천왕,2751.0,169145,2022-12-31
100,116,133,154,180,166,117,143,132,129,109,73,67,39,24,23.0,17.0,9.0,1.0,1.0,2022-11-08,화요일,1733,승차,천왕,2751.0,169689,2022-12-31
102,104,132,136,186,154,148,126,131,127,114,79,66,40,23,20.0,11.0,3.0,3.0,1.0,2022-11-09,수요일,1706,승차,천왕,2751.0,170233,2022-12-31
107,122,132,134,161,147,138,153,129,124,113,98,45,42,34,22.0,19.0,4.0,0.0,0.0,2022-11-10,목요일,1724,승차,천왕,2751.0,170777,2022-12-31
101,105,121,150,177,160,157,138,105,129,111,107,58,58,35,20.0,10.0,8.0,1.0,0.0,2022-11-11,금요일,1751,승차,천왕,2751.0,171321,2022-12-31
56,75,63,94,140,157,163,106,102,70,62,53,41,27,18,12.0,8.0,4.0,1.0,0.0,2022-11-12,토요일,1252,승차,천왕,2751.0,171865,2022-12-31
35,50,52,76,153,112,86,100,90,75,66,61,50,24,19,16.0,6.0,7.0,0.0,0.0,2022-11-13,일요일,1078,승차,천왕,2751.0,172409,2022-12-31
102,114,127,147,164,157,129,123,132,99,96,79,69,40,18,15.0,9.0,6.0,1.0,0.0,2022-11-14,월요일,1627,승차,천왕,2751.0,172953,2022-12-31
97,100,118,136,200,151,151,138,136,115,107,66,53,47,25,23.0,8.0,4.0,0.0,0.0,2022-11-15,화요일,1675,승차,천왕,2751.0,173497,2022-12-31
104,119,120,133,193,144,163,118,123,116,104,87,70,51,26,30.0,10.0,4.0,1.0,0.0,2022-11-16,수요일,1716,승차,천왕,2751.0,174041,2022-12-31
95,108,120,127,163,148,142,133,126,116,114,122,52,37,26,14.0,6.0,11.0,1.0,0.0,2022-11-17,목요일,1661,승차,천왕,2751.0,174585,2022-12-31
112,112,125,126,190,157,154,112,134,131,105,112,72,51,33,16.0,7.0,7.0,2.0,0.0,2022-11-18,금요일,1758,승차,천왕,2751.0,175129,2022-12-31
62,63,60,106,153,166,138,117,96,93,95,52,60,29,9,16.0,10.0,7.0,1.0,0.0,2022-11-19,토요일,1333,승차,천왕,2751.0,175673,2022-12-31
44,52,58,98,163,137,85,97,86,92,80,61,23,24,22,10.0,5.0,3.0,0.0,0.0,2022-11-20,일요일,1140,승차,천왕,2751.0,176217,2022-12-31
87,107,131,135,198,162,132,143,133,124,100,93,47,42,25,13.0,11.0,5.0,1.0,0.0,2022-11-21,월요일,1689,승차,천왕,2751.0,176761,2022-12-31
94,117,135,138,193,166,138,137,120,121,102,98,58,42,31,12.0,4.0,4.0,3.0,0.0,2022-11-22,화요일,1713,승차,천왕,2751.0,177305,2022-12-31
98,109,131,135,181,173,132,138,135,110,97,95,75,46,24,18.0,10.0,10.0,0.0,2.0,2022-11-23,수요일,1719,승차,천왕,2751.0,177849,2022-12-31
98,113,125,133,164,130,141,144,138,110,96,87,57,51,19,32.0,5.0,9.0,1.0,0.0,2022-11-24,목요일,1653,승차,천왕,2751.0,178393,2022-12-31
92,108,124,133,172,152,116,143,130,134,111,87,61,33,29,17.0,5.0,9.0,1.0,0.0,2022-11-25,금요일,1657,승차,천왕,2751.0,178937,2022-12-31
55,73,64,86,146,147,130,126,115,84,78,64,46,25,18,10.0,7.0,4.0,1.0,0.0,2022-11-26,토요일,1279,승차,천왕,2751.0,179481,2022-12-31
31,40,48,85,147,117,72,93,95,59,80,50,42,22,27,18.0,2.0,2.0,0.0,0.0,2022-11-27,일요일,1030,승차,천왕,2751.0,180025,2022-12-31
89,124,124,122,194,153,137,140,133,81,93,88,57,37,18,14.0,10.0,4.0,1.0,0.0,2022-11-28,월요일,1619,승차,천왕,2751.0,180569,2022-12-31
89,104,127,119,186,154,122,138,116,110,101,86,58,44,21,12.0,9.0,9.0,2.0,1.0,2022-11-29,화요일,1608,승차,천왕,2751.0,181113,2022-12-31
85,110,118,122,161,122,118,115,129,97,98,80,54,51,13,28.0,10.0,1.0,1.0,0.0,2022-11-30,수요일,1513,승차,천왕,2751.0,181657,2022-12-31
85,101,115,118,134,114,121,118,116,107,83,71,51,29,17,15.0,20.0,5.0,1.0,0.0,2022-12-01,목요일,1421,승차,천왕,2751.0,182201,2022-12-31
91,117,115,117,182,148,136,123,113,96,118,96,57,46,24,30.0,5.0,8.0,5.0,0.0,2022-12-02,금요일,1627,승차,천왕,2751.0,182745,2022-12-31
50,64,47,77,130,129,142,93,99,84,70,81,36,27,13,6.0,11.0,0.0,3.0,1.0,2022-12-03,토요일,1163,승차,천왕,2751.0,183289,2022-12-31
36,44,50,73,145,120,89,89,85,70,73,57,29,15,24,3.0,10.0,5.0,1.0,0.0,2022-12-04,일요일,1018,승차,천왕,2751.0,183833,2022-12-31
79,105,124,129,186,166,130,122,137,100,114,81,62,23,22,11.0,9.0,4.0,0.0,0.0,2022-12-05,월요일,1604,승차,천왕,2751.0,184377,2022-12-31
96,110,116,119,172,157,141,131,140,119,92,77,46,39,22,16.0,10.0,2.0,0.0,0.0,2022-12-06,화요일,1605,승차,천왕,2751.0,184921,2022-12-31
94,106,113,120,172,170,141,148,141,123,96,101,55,44,27,26.0,9.0,1.0,1.0,0.0,2022-12-07,수요일,1688,승차,천왕,2751.0,185465,2022-12-31
96,116,117,141,159,178,131,160,148,117,87,97,46,29,28,22.0,8.0,4.0,2.0,1.0,2022-12-08,목요일,1687,승차,천왕,2751.0,186009,2022-12-31
77,101,144,113,173,152,144,138,118,123,120,102,68,50,34,20.0,9.0,9.0,1.0,0.0,2022-12-09,금요일,1696,승차,천왕,2751.0,186553,2022-12-31
60,75,59,85,133,185,155,128,81,83,83,84,36,30,20,18.0,7.0,4.0,0.0,0.0,2022-12-10,토요일,1326,승차,천왕,2751.0,187097,2022-12-31
32,41,43,67,151,134,84,88,83,80,76,61,26,21,33,13.0,6.0,4.0,0.0,0.0,2022-12-11,일요일,1043,승차,천왕,2751.0,187641,2022-12-31
75,117,128,136,178,192,146,126,113,114,110,83,48,24,19,15.0,8.0,1.0,0.0,0.0,2022-12-12,월요일,1633,승차,천왕,2751.0,188185,2022-12-31
98,98,122,143,179,158,158,115,127,127,92,89,48,30,19,9.0,6.0,2.0,0.0,0.0,2022-12-13,화요일,1620,승차,천왕,2751.0,188729,2022-12-31
86,114,106,116,146,138,138,90,90,95,73,61,62,33,17,31.0,9.0,6.0,3.0,0.0,2022-12-14,수요일,1414,승차,천왕,2751.0,189273,2022-12-31
89,109,110,122,153,147,139,120,122,71,96,68,53,31,12,16.0,7.0,6.0,1.0,0.0,2022-12-15,목요일,1472,승차,천왕,2751.0,189817,2022-12-31
88,103,115,126,142,163,115,152,119,104,100,80,72,49,27,32.0,5.0,7.0,4.0,3.0,2022-12-16,금요일,1606,승차,천왕,2751.0,190361,2022-12-31
44,64,50,68,138,132,154,101,106,74,72,80,54,21,21,23.0,4.0,2.0,5.0,0.0,2022-12-17,토요일,1213,승차,천왕,2751.0,190905,2022-12-31
33,51,41,52,120,101,84,84,74,62,74,58,42,21,25,6.0,5.0,2.0,1.0,0.0,2022-12-18,일요일,936,승차,천왕,2751.0,191449,2022-12-31
68,115,114,111,151,140,131,129,128,96,84,75,51,26,16,9.0,7.0,5.0,0.0,0.0,2022-12-19,월요일,1456,승차,천왕,2751.0,191993,2022-12-31
93,124,111,119,167,149,150,147,115,117,90,97,66,39,23,21.0,13.0,6.0,2.0,0.0,2022-12-20,화요일,1649,승차,천왕,2751.0,192537,2022-12-31
84,117,112,131,183,148,141,136,137,123,88,93,74,35,26,25.0,11.0,4.0,1.0,0.0,2022-12-21,수요일,1669,승차,천왕,2751.0,193081,2022-12-31
89,110,110,130,148,136,131,134,167,112,83,75,66,43,18,12.0,4.0,6.0,0.0,0.0,2022-12-22,목요일,1574,승차,천왕,2751.0,193625,2022-12-31
82,103,89,113,158,101,115,106,107,77,94,73,54,39,17,12.0,6.0,8.0,0.0,0.0,2022-12-23,금요일,1354,승차,천왕,2751.0,194169,2022-12-31
45,69,55,62,101,111,151,131,92,73,64,61,33,15,12,9.0,3.0,8.0,1.0,0.0,2022-12-24,토요일,1096,승차,천왕,2751.0,194713,2022-12-31
38,40,38,70,141,113,89,83,71,65,79,51,34,24,21,4.0,3.0,5.0,0.0,0.0,2022-12-25,일요일,969,승차,천왕,2751.0,195257,2022-12-31
92,120,114,109,160,153,159,148,111,117,104,83,44,32,22,18.0,7.0,2.0,2.0,1.0,2022-12-26,월요일,1598,승차,천왕,2751.0,195801,2022-12-31
91,98,106,136,158,157,141,138,124,110,106,97,55,40,21,16.0,8.0,3.0,3.0,2.0,2022-12-27,화요일,1610,승차,천왕,2751.0,196345,2022-12-31
91,110,108,114,165,164,160,129,142,112,92,77,53,36,24,22.0,16.0,7.0,3.0,0.0,2022-12-28,수요일,1625,승차,천왕,2751.0,196889,2022-12-31
81,102,101,122,154,165,155,128,122,120,111,107,65,41,20,43.0,13.0,9.0,1.0,1.0,2022-12-29,목요일,1661,승차,천왕,2751.0,197433,2022-12-31
78,110,109,122,174,163,181,147,151,113,102,83,58,34,26,21.0,10.0,10.0,2.0,0.0,2022-12-30,금요일,1694,승차,천왕,2751.0,197977,2022-12-31
43,50,49,63,101,153,135,104,115,92,71,62,50,22,16,17.0,23.0,10.0,3.0,6.0,2022-12-31,토요일,1185,승차,천왕,2751.0,198521,2022-12-31
28,40,31,67,119,102,59,91,80,68,65,35,34,21,20,8.0,7.0,3.0,0.0,0.0,2023-01-01,일요일,878,승차,천왕,2751,505,2023-12-31
85,111,117,97,150,131,131,98,113,100,103,75,52,32,18,13.0,5.0,6.0,0.0,0.0,2023-01-02,월요일,1437,승차,천왕,2751,1049,2023-12-31
86,111,116,112,159,132,118,114,131,111,85,80,52,37,17,13.0,8.0,3.0,1.0,0.0,2023-01-03,화요일,1486,승차,천왕,2751,1593,2023-12-31
86,100,100,123,157,147,145,123,128,103,97,77,51,36,20,26.0,9.0,6.0,0.0,0.0,2023-01-04,수요일,1534,승차,천왕,2751,2137,2023-12-31
83,117,107,116,165,157,162,122,131,112,83,83,45,51,22,16.0,10.0,3.0,1.0,0.0,2023-01-05,목요일,1586,승차,천왕,2751,2681,2023-12-31
78,106,106,146,155,136,143,138,156,112,114,73,64,38,21,17.0,12.0,13.0,1.0,0.0,2023-01-06,금요일,1629,승차,천왕,2751,3225,2023-12-31
55,72,43,89,115,140,143,122,108,77,69,63,52,15,25,13.0,2.0,5.0,2.0,0.0,2023-01-07,토요일,1210,승차,천왕,2751,3769,2023-12-31
29,47,46,63,123,143,77,108,77,64,67,55,37,22,29,7.0,3.0,4.0,0.0,1.0,2023-01-08,일요일,1002,승차,천왕,2751,4313,2023-12-31
79,118,119,122,191,140,150,122,145,129,90,71,52,47,23,21.0,6.0,6.0,0.0,0.0,2023-01-09,월요일,1631,승차,천왕,2751,4857,2023-12-31
80,97,106,149,183,145,138,130,153,132,97,75,54,41,16,20.0,6.0,5.0,0.0,0.0,2023-01-10,화요일,1627,승차,천왕,2751,5401,2023-12-31
85,110,110,135,177,165,136,121,140,109,117,79,54,49,21,19.0,16.0,3.0,0.0,0.0,2023-01-11,수요일,1646,승차,천왕,2751,5945,2023-12-31
84,102,117,147,188,158,165,110,151,129,112,94,54,44,23,22.0,14.0,6.0,1.0,0.0,2023-01-12,목요일,1721,승차,천왕,2751,6489,2023-12-31
83,110,109,119,141,143,120,119,110,111,96,79,53,47,34,13.0,10.0,8.0,2.0,1.0,2023-01-13,금요일,1508,승차,천왕,2751,7033,2023-12-31
60,64,52,74,133,142,170,112,90,81,74,60,41,24,13,11.0,14.0,5.0,4.0,0.0,2023-01-14,토요일,1224,승차,천왕,2751,7577,2023-12-31
36,47,39,81,150,138,87,94,110,74,66,51,26,27,25,5.0,9.0,3.0,0.0,0.0,2023-01-15,일요일,1068,승차,천왕,2751,8121,2023-12-31
83,109,123,131,193,146,137,159,135,98,109,72,66,38,26,9.0,7.0,8.0,2.0,0.0,2023-01-16,월요일,1651,승차,천왕,2751,8665,2023-12-31
86,106,123,144,164,162,164,143,158,129,123,66,63,27,22,16.0,9.0,7.0,2.0,0.0,2023-01-17,화요일,1714,승차,천왕,2751,9209,2023-12-31
87,99,106,166,164,176,155,156,150,135,111,86,61,48,21,25.0,17.0,8.0,0.0,1.0,2023-01-18,수요일,1772,승차,천왕,2751,9753,2023-12-31
78,100,128,146,180,179,151,157,152,134,118,98,64,34,34,21.0,12.0,9.0,1.0,0.0,2023-01-19,목요일,1796,승차,천왕,2751,10297,2023-12-31
81,88,104,139,155,144,144,123,147,145,111,81,51,29,32,19.0,10.0,10.0,0.0,0.0,2023-01-20,금요일,1613,승차,천왕,2751,10841,2023-12-31
34,52,25,30,64,87,72,49,76,60,46,44,34,14,6,10.0,8.0,4.0,0.0,0.0,2023-01-21,토요일,715,승차,천왕,2751,11385,2023-12-31
19,30,31,43,55,64,34,44,41,34,46,36,16,9,13,12.0,13.0,4.0,0.0,0.0,2023-01-22,일요일,544,승차,천왕,2751,11929,2023-12-31
23,47,22,28,52,69,54,51,62,60,47,39,31,20,10,7.0,5.0,10.0,0.0,0.0,2023-01-23,월요일,637,승차,천왕,2751,12473,2023-12-31
25,37,23,30,49,72,55,54,55,40,37,29,23,17,11,4.0,10.0,2.0,0.0,0.0,2023-01-24,화요일,573,승차,천왕,2751,13017,2023-12-31
79,100,107,120,126,114,106,90,106,73,75,55,40,48,17,19.0,7.0,5.0,1.0,0.0,2023-01-25,수요일,1288,승차,천왕,2751,13561,2023-12-31
93,95,120,118,141,110,92,109,116,106,81,69,39,46,18,14.0,7.0,2.0,1.0,0.0,2023-01-26,목요일,1377,승차,천왕,2751,14105,2023-12-31
82,113,120,126,157,162,113,129,120,126,89,83,63,47,35,24.0,8.0,9.0,1.0,0.0,2023-01-27,금요일,1607,승차,천왕,2751,14649,2023-12-31
53,59,54,65,138,128,130,101,96,73,93,67,34,17,28,8.0,6.0,9.0,0.0,0.0,2023-01-28,토요일,1159,승차,천왕,2751,15193,2023-12-31
31,46,50,72,160,128,96,85,105,80,69,47,37,29,13,11.0,6.0,4.0,0.0,0.0,2023-01-29,일요일,1069,승차,천왕,2751,15737,2023-12-31
88,99,128,132,185,178,129,121,119,124,113,79,59,41,22,28.0,8.0,4.0,1.0,0.0,2023-01-30,월요일,1658,승차,천왕,2751,16281,2023-12-31
85,98,121,147,163,170,137,112,135,121,89,89,64,36,29,28.0,12.0,6.0,0.0,1.0,2023-01-31,화요일,1643,승차,천왕,2751,16825,2023-12-31
80,100,129,145,189,150,152,122,135,115,118,79,53,52,22,25.0,11.0,4.0,1.0,0.0,2023-02-01,수요일,1682,승차,천왕,2751,17369,2023-12-31
102,118,133,125,162,148,146,152,153,117,108,83,59,35,22,17.0,12.0,7.0,0.0,1.0,2023-02-02,목요일,1700,승차,천왕,2751,17913,2023-12-31
88,89,129,131,185,182,147,145,115,133,92,100,68,48,24,25.0,12.0,4.0,0.0,0.0,2023-02-03,금요일,1717,승차,천왕,2751,18457,2023-12-31
59,76,63,76,158,151,157,111,97,97,87,62,51,30,25,22.0,15.0,9.0,1.0,0.0,2023-02-04,토요일,1347,승차,천왕,2751,19001,2023-12-31
29,43,42,81,142,143,69,89,77,77,59,58,50,31,15,14.0,7.0,3.0,1.0,0.0,2023-02-05,일요일,1030,승차,천왕,2751,19545,2023-12-31
94,119,134,144,185,176,142,125,146,121,105,79,61,37,20,19.0,13.0,7.0,1.0,0.0,2023-02-06,월요일,1728,승차,천왕,2751,20089,2023-12-31
96,110,108,151,163,174,134,118,118,111,91,82,72,42,25,19.0,11.0,2.0,2.0,0.0,2023-02-07,화요일,1629,승차,천왕,2751,20633,2023-12-31
109,112,123,149,182,189,139,117,141,118,99,83,47,59,29,24.0,14.0,4.0,0.0,1.0,2023-02-08,수요일,1739,승차,천왕,2751,21177,2023-12-31
93,101,125,136,184,162,137,135,140,119,107,93,62,49,28,27.0,13.0,7.0,1.0,1.0,2023-02-09,목요일,1720,승차,천왕,2751,21721,2023-12-31
85,121,128,157,183,153,132,131,142,125,93,83,67,41,26,22.0,11.0,8.0,4.0,1.0,2023-02-10,금요일,1713,승차,천왕,2751,22265,2023-12-31
64,70,46,96,139,158,128,111,103,105,63,63,50,39,22,19.0,7.0,4.0,0.0,0.0,2023-02-11,토요일,1287,승차,천왕,2751,22809,2023-12-31
40,51,50,74,161,137,88,100,96,85,76,68,49,24,12,9.0,7.0,5.0,0.0,0.0,2023-02-12,일요일,1132,승차,천왕,2751,23353,2023-12-31
91,111,133,144,204,179,117,131,122,130,121,91,61,31,29,11.0,13.0,2.0,2.0,0.0,2023-02-13,월요일,1723,승차,천왕,2751,23897,2023-12-31
102,118,130,148,199,156,125,142,118,124,96,83,72,43,23,27.0,8.0,5.0,1.0,1.0,2023-02-14,화요일,1721,승차,천왕,2751,24441,2023-12-31
102,104,122,161,196,176,154,117,135,142,118,82,73,50,33,24.0,12.0,5.0,0.0,1.0,2023-02-15,수요일,1807,승차,천왕,2751,24985,2023-12-31
102,115,126,143,165,164,147,138,147,109,89,72,50,41,35,18.0,13.0,8.0,3.0,0.0,2023-02-16,목요일,1685,승차,천왕,2751,25529,2023-12-31
91,104,130,156,186,158,149,149,109,126,94,83,64,52,23,21.0,18.0,7.0,2.0,0.0,2023-02-17,금요일,1722,승차,천왕,2751,26073,2023-12-31
62,109,49,87,144,156,148,122,97,99,70,61,42,27,19,19.0,9.0,9.0,2.0,0.0,2023-02-18,토요일,1331,승차,천왕,2751,26617,2023-12-31
42,93,38,82,134,129,93,88,94,85,76,47,40,30,27,18.0,10.0,2.0,0.0,0.0,2023-02-19,일요일,1128,승차,천왕,2751,27161,2023-12-31
95,161,141,150,191,175,117,177,152,90,86,82,56,36,22,18.0,15.0,2.0,0.0,0.0,2023-02-20,월요일,1766,승차,천왕,2751,27705,2023-12-31
93,165,121,161,176,149,138,108,132,112,113,87,56,55,16,24.0,10.0,6.0,0.0,1.0,2023-02-21,화요일,1723,승차,천왕,2751,28249,2023-12-31
105,166,114,158,185,166,139,131,149,117,108,87,58,51,25,27.0,14.0,4.0,2.0,0.0,2023-02-22,수요일,1806,승차,천왕,2751,28793,2023-12-31
92,150,122,156,171,162,118,132,152,135,119,94,60,35,38,25.0,9.0,2.0,1.0,0.0,2023-02-23,목요일,1773,승차,천왕,2751,29337,2023-12-31
92,123,132,165,190,169,119,126,145,107,92,109,70,52,33,23.0,15.0,7.0,1.0,1.0,2023-02-24,금요일,1771,승차,천왕,2751,29881,2023-12-31
59,87,53,87,149,182,159,126,118,91,85,66,53,31,19,15.0,7.0,2.0,0.0,0.0,2023-02-25,토요일,1389,승차,천왕,2751,30425,2023-12-31
40,92,52,81,147,132,85,102,98,91,82,64,40,21,22,5.0,10.0,4.0,1.0,1.0,2023-02-26,일요일,1170,승차,천왕,2751,30969,2023-12-31
101,158,142,151,190,180,120,123,135,105,110,89,55,38,21,20.0,13.0,2.0,3.0,0.0,2023-02-27,월요일,1756,승차,천왕,2751,31513,2023-12-31
97,176,129,145,188,179,110,135,136,97,92,87,72,43,21,22.0,16.0,12.0,1.0,0.0,2023-02-28,화요일,1758,승차,천왕,2751,32057,2023-12-31
46,119,40,65,117,138,147,114,101,86,53,64,31,38,32,23.0,9.0,2.0,1.0,0.0,2023-03-01,수요일,1226,승차,천왕,2751,32601,2023-12-31
109,151,123,160,196,162,147,127,150,137,93,78,56,46,24,28.0,7.0,6.0,0.0,0.0,2023-03-02,목요일,1800,승차,천왕,2751,33145,2023-12-31
100,113,130,160,190,171,134,134,128,108,98,84,70,39,45,29.0,16.0,9.0,1.0,1.0,2023-03-03,금요일,1760,승차,천왕,2751,33689,2023-12-31
62,112,56,104,144,171,176,109,103,119,67,82,46,31,31,9.0,14.0,4.0,1.0,0.0,2023-03-04,토요일,1441,승차,천왕,2751,34233,2023-12-31
28,85,46,107,153,131,86,110,98,84,70,63,36,41,17,8.0,10.0,4.0,1.0,0.0,2023-03-05,일요일,1178,승차,천왕,2751,34777,2023-12-31
98,180,135,151,210,156,126,137,127,114,97,70,61,57,34,20.0,12.0,11.0,0.0,1.0,2023-03-06,월요일,1797,승차,천왕,2751,35321,2023-12-31
96,166,137,155,175,184,152,135,148,111,105,85,58,43,23,21.0,8.0,5.0,1.0,0.0,2023-03-07,화요일,1808,승차,천왕,2751,35865,2023-12-31
100,165,143,162,213,171,165,154,126,110,118,65,74,42,39,32.0,12.0,10.0,1.0,1.0,2023-03-08,수요일,1903,승차,천왕,2751,36409,2023-12-31
108,142,127,160,215,161,143,120,142,113,94,102,67,42,36,31.0,8.0,7.0,1.0,1.0,2023-03-09,목요일,1820,승차,천왕,2751,36953,2023-12-31
105,144,141,147,179,200,135,149,115,108,112,114,70,51,42,25.0,23.0,12.0,2.0,1.0,2023-03-10,금요일,1875,승차,천왕,2751,37497,2023-12-31
65,114,55,112,168,169,165,138,112,96,74,69,62,34,19,16.0,14.0,5.0,2.0,0.0,2023-03-11,토요일,1489,승차,천왕,2751,38041,2023-12-31
38,96,45,61,132,135,79,60,80,86,83,47,37,27,20,12.0,2.0,1.0,0.0,0.0,2023-03-12,일요일,1041,승차,천왕,2751,38585,2023-12-31
95,162,131,153,189,155,135,126,125,119,108,75,51,44,34,19.0,10.0,10.0,1.0,0.0,2023-03-13,월요일,1742,승차,천왕,2751,39129,2023-12-31
113,182,132,140,186,158,138,142,148,128,103,92,55,37,31,26.0,10.0,9.0,0.0,1.0,2023-03-14,화요일,1831,승차,천왕,2751,39673,2023-12-31
111,157,130,143,213,193,149,127,136,111,125,90,62,53,36,35.0,13.0,10.0,2.0,0.0,2023-03-15,수요일,1896,승차,천왕,2751,40217,2023-12-31
113,167,133,154,190,163,137,127,149,132,93,95,85,54,32,25.0,11.0,5.0,1.0,2.0,2023-03-16,목요일,1868,승차,천왕,2751,40761,2023-12-31
105,121,128,156,208,157,154,135,145,121,111,95,61,60,36,23.0,11.0,9.0,3.0,1.0,2023-03-17,금요일,1840,승차,천왕,2751,41305,2023-12-31
73,122,60,101,169,148,134,111,106,99,75,85,55,18,25,16.0,18.0,2.0,1.0,0.0,2023-03-18,토요일,1418,승차,천왕,2751,41849,2023-12-31
40,106,54,97,160,150,112,87,90,81,70,67,29,47,32,13.0,8.0,4.0,1.0,0.0,2023-03-19,일요일,1248,승차,천왕,2751,42393,2023-12-31
105,183,133,145,218,159,131,145,131,120,134,85,68,33,26,24.0,14.0,7.0,0.0,1.0,2023-03-20,월요일,1862,승차,천왕,2751,42937,2023-12-31
109,169,138,165,209,157,151,136,144,89,114,90,77,48,27,22.0,7.0,7.0,2.0,0.0,2023-03-21,화요일,1861,승차,천왕,2751,43481,2023-12-31
116,182,128,167,192,201,151,134,141,113,103,93,60,50,31,34.0,16.0,9.0,0.0,2.0,2023-03-22,수요일,1923,승차,천왕,2751,44025,2023-12-31
114,161,130,164,176,176,123,145,137,118,104,87,61,56,26,33.0,8.0,7.0,2.0,0.0,2023-03-23,목요일,1828,승차,천왕,2751,44569,2023-12-31
106,149,147,173,192,163,147,143,132,107,114,93,75,43,40,32.0,9.0,11.0,1.0,1.0,2023-03-24,금요일,1878,승차,천왕,2751,45113,2023-12-31
82,114,62,99,163,153,147,137,90,95,65,69,51,42,36,21.0,13.0,4.0,0.0,0.0,2023-03-25,토요일,1443,승차,천왕,2751,45657,2023-12-31
46,106,57,95,179,144,91,90,111,87,95,66,45,41,39,10.0,11.0,5.0,0.0,1.0,2023-03-26,일요일,1319,승차,천왕,2751,46201,2023-12-31
94,170,146,155,221,163,132,153,119,120,99,97,58,46,37,28.0,13.0,6.0,2.0,0.0,2023-03-27,월요일,1859,승차,천왕,2751,46745,2023-12-31
110,192,136,168,199,184,135,154,126,105,94,97,55,39,43,26.0,12.0,5.0,0.0,1.0,2023-03-28,화요일,1881,승차,천왕,2751,47289,2023-12-31
121,163,136,150,217,186,153,133,133,108,108,92,69,49,31,33.0,14.0,9.0,1.0,2.0,2023-03-29,수요일,1908,승차,천왕,2751,47833,2023-12-31
118,165,131,177,204,188,139,137,134,118,101,94,71,43,33,31.0,14.0,10.0,2.0,1.0,2023-03-30,목요일,1911,승차,천왕,2751,48377,2023-12-31
101,133,152,164,210,210,135,122,138,112,109,84,71,54,37,24.0,17.0,10.0,4.0,3.0,2023-03-31,금요일,1890,승차,천왕,2751,48921,2023-12-31
54,129,79,106,163,192,165,142,116,80,92,79,57,31,27,24.0,11.0,7.0,0.0,2.0,2023-04-01,토요일,1556,승차,천왕,2751,49465,2023-12-31
36,111,57,95,189,173,100,102,118,92,89,65,66,38,24,15.0,2.0,4.0,0.0,0.0,2023-04-02,일요일,1376,승차,천왕,2751,50009,2023-12-31
115,183,136,160,198,197,148,151,150,111,119,75,79,43,31,33.0,13.0,9.0,1.0,0.0,2023-04-03,월요일,1952,승차,천왕,2751,50553,2023-12-31
109,161,129,180,202,196,132,144,149,116,92,74,47,38,26,19.0,27.0,7.0,4.0,1.0,2023-04-04,화요일,1853,승차,천왕,2751,51097,2023-12-31
103,170,132,138,171,145,114,93,82,98,95,76,52,55,31,31.0,13.0,7.0,1.0,1.0,2023-04-05,수요일,1608,승차,천왕,2751,51641,2023-12-31
106,140,132,147,194,184,130,144,139,111,84,80,57,44,30,36.0,15.0,7.0,1.0,2.0,2023-04-06,목요일,1783,승차,천왕,2751,52185,2023-12-31
112,140,142,167,192,190,140,139,141,90,96,83,76,46,45,30.0,17.0,10.0,3.0,2.0,2023-04-07,금요일,1861,승차,천왕,2751,52729,2023-12-31
72,117,74,100,169,150,159,116,100,86,91,103,63,37,25,23.0,9.0,3.0,1.0,1.0,2023-04-08,토요일,1499,승차,천왕,2751,53273,2023-12-31
69,112,48,92,191,146,92,91,113,83,101,65,48,22,24,9.0,10.0,4.0,0.0,1.0,2023-04-09,일요일,1321,승차,천왕,2751,53817,2023-12-31
102,172,142,151,209,181,131,145,146,116,111,93,67,64,37,28.0,10.0,5.0,2.0,0.0,2023-04-10,월요일,1912,승차,천왕,2751,54361,2023-12-31
116,173,123,156,194,140,98,106,143,77,86,87,62,48,31,29.0,11.0,12.0,1.0,1.0,2023-04-11,화요일,1694,승차,천왕,2751,54905,2023-12-31
115,155,136,159,204,152,140,130,134,113,104,95,65,51,21,44.0,11.0,5.0,1.0,1.0,2023-04-12,수요일,1836,승차,천왕,2751,55449,2023-12-31
127,160,131,164,183,178,135,133,119,119,92,77,71,38,24,28.0,14.0,11.0,0.0,1.0,2023-04-13,목요일,1805,승차,천왕,2751,55993,2023-12-31
110,146,144,170,191,174,128,124,125,108,136,80,87,50,30,23.0,15.0,11.0,4.0,2.0,2023-04-14,금요일,1858,승차,천왕,2751,56537,2023-12-31
76,121,87,103,157,143,118,107,87,99,69,65,45,41,36,33.0,13.0,4.0,1.0,1.0,2023-04-15,토요일,1406,승차,천왕,2751,57081,2023-12-31
36,114,56,83,167,147,104,103,100,76,79,65,36,30,24,12.0,6.0,4.0,0.0,0.0,2023-04-16,일요일,1242,승차,천왕,2751,57625,2023-12-31
113,174,144,159,206,193,135,155,138,116,113,94,79,45,26,17.0,17.0,6.0,1.0,2.0,2023-04-17,월요일,1933,승차,천왕,2751,58169,2023-12-31
104,176,124,158,182,149,116,116,154,120,120,82,78,45,42,17.0,9.0,5.0,1.0,0.0,2023-04-18,화요일,1798,승차,천왕,2751,58713,2023-12-31
111,161,148,161,234,191,133,119,159,101,104,100,75,60,35,35.0,23.0,6.0,2.0,1.0,2023-04-19,수요일,1959,승차,천왕,2751,59257,2023-12-31
120,143,141,145,197,179,150,139,126,122,104,91,58,48,23,31.0,14.0,10.0,0.0,1.0,2023-04-20,목요일,1842,승차,천왕,2751,59801,2023-12-31
118,141,138,151,196,171,138,128,108,103,122,97,78,36,55,23.0,14.0,11.0,2.0,2.0,2023-04-21,금요일,1832,승차,천왕,2751,60345,2023-12-31
67,112,74,119,169,166,127,110,109,97,90,82,61,52,31,21.0,9.0,5.0,0.0,1.0,2023-04-22,토요일,1502,승차,천왕,2751,60889,2023-12-31
37,113,61,89,157,149,72,100,96,111,70,94,49,33,32,11.0,13.0,6.0,0.0,0.0,2023-04-23,일요일,1293,승차,천왕,2751,61433,2023-12-31
112,177,135,153,204,172,143,147,127,114,117,84,67,50,25,27.0,18.0,9.0,4.0,1.0,2023-04-24,월요일,1886,승차,천왕,2751,61977,2023-12-31
111,165,137,177,183,139,132,105,136,122,118,87,63,51,25,21.0,13.0,8.0,0.0,1.0,2023-04-25,화요일,1794,승차,천왕,2751,62521,2023-12-31
119,167,131,167,213,185,159,136,152,111,97,89,75,43,32,36.0,12.0,9.0,2.0,3.0,2023-04-26,수요일,1938,승차,천왕,2751,63065,2023-12-31
129,165,133,173,186,187,133,130,152,128,98,97,72,49,32,27.0,12.0,7.0,4.0,0.0,2023-04-27,목요일,1914,승차,천왕,2751,63609,2023-12-31
104,127,143,148,227,173,128,123,123,116,111,111,88,38,44,21.0,12.0,7.0,1.0,2.0,2023-04-28,금요일,1847,승차,천왕,2751,64153,2023-12-31
77,124,74,88,135,126,118,96,92,74,82,81,35,32,16,17.0,11.0,5.0,1.0,1.0,2023-04-29,토요일,1285,승차,천왕,2751,64697,2023-12-31
50,110,54,115,166,152,93,103,99,72,91,54,40,30,27,15.0,9.0,1.0,2.0,0.0,2023-04-30,일요일,1283,승차,천왕,2751,65241,2023-12-31
69,74,96,95,182,170,163,130,123,122,69,69,56,48,31,17.0,11.0,7.0,0.0,0.0,2023-05-01,월요일,1532,승차,천왕,2751,65787,2023-12-31
113,121,134,172,205,175,126,118,135,141,114,113,68,45,31,22.0,10.0,5.0,1.0,0.0,2023-05-02,화요일,1849,승차,천왕,2751,66331,2023-12-31
127,128,147,171,220,179,141,111,122,123,86,96,76,49,39,29.0,18.0,8.0,1.0,1.0,2023-05-03,수요일,1872,승차,천왕,2751,66875,2023-12-31
124,102,136,172,223,183,129,153,155,144,132,94,81,58,31,30.0,10.0,10.0,3.0,0.0,2023-05-04,목요일,1970,승차,천왕,2751,67419,2023-12-31
53,72,51,61,104,95,113,77,70,64,60,48,23,29,25,17.0,9.0,4.0,0.0,0.0,2023-05-05,금요일,975,승차,천왕,2751,67963,2023-12-31
55,63,47,69,122,115,108,104,92,63,78,60,42,34,25,20.0,11.0,2.0,2.0,0.0,2023-05-06,토요일,1112,승차,천왕,2751,68507,2023-12-31
45,64,57,97,164,137,96,92,101,85,95,55,51,24,25,16.0,11.0,7.0,0.0,0.0,2023-05-07,일요일,1222,승차,천왕,2751,69051,2023-12-31
112,124,133,144,213,180,133,137,110,143,98,95,80,64,43,17.0,6.0,8.0,2.0,1.0,2023-05-08,월요일,1843,승차,천왕,2751,69595,2023-12-31
122,124,125,184,216,189,123,154,139,125,114,87,77,53,38,28.0,11.0,6.0,6.0,0.0,2023-05-09,화요일,1921,승차,천왕,2751,70139,2023-12-31
109,113,135,173,221,201,141,126,128,108,107,98,77,48,43,26.0,23.0,4.0,1.0,1.0,2023-05-10,수요일,1883,승차,천왕,2751,70683,2023-12-31
122,124,137,177,199,185,143,127,134,154,106,80,74,54,32,28.0,12.0,7.0,3.0,0.0,2023-05-11,목요일,1898,승차,천왕,2751,71227,2023-12-31
109,121,135,169,209,196,156,139,151,94,113,103,81,52,42,28.0,14.0,13.0,1.0,0.0,2023-05-12,금요일,1926,승차,천왕,2751,71771,2023-12-31
82,98,78,113,169,179,148,116,108,60,85,82,62,41,31,18.0,12.0,2.0,4.0,0.0,2023-05-13,토요일,1488,승차,천왕,2751,72315,2023-12-31
60,59,53,95,192,174,90,111,95,84,85,64,47,26,29,13.0,6.0,2.0,2.0,0.0,2023-05-14,일요일,1287,승차,천왕,2751,72859,2023-12-31
109,127,135,147,226,159,125,115,145,122,126,92,83,48,25,26.0,10.0,5.0,0.0,0.0,2023-05-15,월요일,1825,승차,천왕,2751,73403,2023-12-31
108,108,145,167,206,181,115,121,142,122,106,93,66,42,31,28.0,12.0,6.0,3.0,1.0,2023-05-16,화요일,1803,승차,천왕,2751,73947,2023-12-31
109,123,150,160,227,206,129,117,96,95,94,83,70,49,30,30.0,16.0,9.0,1.0,1.0,2023-05-17,수요일,1795,승차,천왕,2751,74491,2023-12-31
111,108,140,143,242,178,132,130,124,110,116,84,66,44,36,27.0,16.0,11.0,2.0,1.0,2023-05-18,목요일,1821,승차,천왕,2751,75037,2023-12-31
113,121,147,150,247,179,134,116,126,125,97,105,65,58,37,30.0,17.0,9.0,4.0,0.0,2023-05-19,금요일,1880,승차,천왕,2751,75581,2023-12-31
75,69,81,120,191,205,128,126,101,76,84,74,69,43,36,21.0,10.0,5.0,0.0,0.0,2023-05-20,토요일,1514,승차,천왕,2751,76125,2023-12-31
59,59,52,99,167,154,87,88,99,95,75,72,66,34,23,10.0,6.0,2.0,0.0,0.0,2023-05-21,일요일,1247,승차,천왕,2751,76669,2023-12-31
113,115,134,154,249,146,149,131,125,103,102,86,55,61,29,22.0,11.0,9.0,0.0,0.0,2023-05-22,월요일,1794,승차,천왕,2751,77213,2023-12-31
127,136,131,175,233,169,147,110,142,124,101,90,78,53,32,28.0,14.0,12.0,5.0,0.0,2023-05-23,화요일,1907,승차,천왕,2751,77759,2023-12-31
109,120,142,181,203,181,143,117,133,125,104,92,61,58,31,32.0,21.0,6.0,2.0,0.0,2023-05-24,수요일,1861,승차,천왕,2751,78303,2023-12-31
123,128,162,172,201,205,174,135,125,126,106,98,73,56,37,28.0,15.0,9.0,1.0,0.0,2023-05-25,목요일,1974,승차,천왕,2751,78847,2023-12-31
114,116,148,163,201,203,144,120,138,96,107,85,71,53,43,26.0,14.0,6.0,1.0,1.0,2023-05-26,금요일,1850,승차,천왕,2751,79391,2023-12-31
64,85,65,105,155,137,105,69,90,61,53,54,31,33,25,19.0,3.0,2.0,0.0,0.0,2023-05-27,토요일,1156,승차,천왕,2751,79935,2023-12-31
41,49,46,68,145,101,77,66,84,62,75,34,28,28,10,11.0,7.0,5.0,0.0,0.0,2023-05-28,일요일,937,승차,천왕,2751,80479,2023-12-31
48,70,66,79,132,124,124,117,114,106,73,67,58,39,25,18.0,8.0,5.0,0.0,0.0,2023-05-29,월요일,1273,승차,천왕,2751,81023,2023-12-31
117,111,140,174,224,175,134,136,138,112,98,106,55,49,31,21.0,17.0,11.0,2.0,0.0,2023-05-30,화요일,1851,승차,천왕,2751,81567,2023-12-31
126,131,129,172,202,182,143,127,130,115,116,81,63,59,29,31.0,19.0,7.0,0.0,0.0,2023-05-31,수요일,1862,승차,천왕,2751,82111,2023-12-31
113,104,135,152,225,176,148,142,150,97,112,113,71,37,41,22.0,14.0,9.0,2.0,0.0,2023-06-01,목요일,1863,승차,천왕,2751,82655,2023-12-31
119,123,142,172,205,174,130,125,142,106,112,94,80,55,31,32.0,14.0,7.0,1.0,1.0,2023-06-02,금요일,1865,승차,천왕,2751,83199,2023-12-31
79,71,83,131,157,181,148,125,111,80,67,68,69,52,34,15.0,9.0,6.0,0.0,0.0,2023-06-03,토요일,1486,승차,천왕,2751,83743,2023-12-31
49,67,53,101,183,160,73,99,88,71,81,46,40,35,22,30.0,11.0,2.0,4.0,0.0,2023-06-04,일요일,1215,승차,천왕,2751,84287,2023-12-31
96,120,158,147,196,167,138,128,125,125,125,96,76,45,28,27.0,12.0,8.0,1.0,1.0,2023-06-05,월요일,1819,승차,천왕,2751,84831,2023-12-31
67,74,78,91,147,134,132,104,96,92,65,58,58,54,32,28.0,6.0,4.0,0.0,0.0,2023-06-06,화요일,1320,승차,천왕,2751,85375,2023-12-31
116,109,137,170,210,189,150,119,122,142,96,79,81,64,23,20.0,17.0,8.0,1.0,0.0,2023-06-07,수요일,1853,승차,천왕,2751,85919,2023-12-31
133,130,138,164,205,187,126,126,131,122,89,113,79,50,20,26.0,14.0,10.0,1.0,0.0,2023-06-08,목요일,1864,승차,천왕,2751,86463,2023-12-31
108,111,152,178,226,171,163,139,121,113,114,103,76,65,31,28.0,21.0,9.0,1.0,0.0,2023-06-09,금요일,1930,승차,천왕,2751,87007,2023-12-31
73,88,77,106,197,196,151,101,104,92,97,85,62,43,17,14.0,13.0,8.0,0.0,0.0,2023-06-10,토요일,1524,승차,천왕,2751,87551,2023-12-31
54,51,54,78,170,152,78,100,95,71,82,60,51,40,21,17.0,5.0,5.0,1.0,0.0,2023-06-11,일요일,1185,승차,천왕,2751,88095,2023-12-31
117,134,137,178,221,182,148,140,117,114,112,109,80,43,33,26.0,7.0,5.0,1.0,2.0,2023-06-12,월요일,1906,승차,천왕,2751,88639,2023-12-31
125,118,145,179,202,159,136,120,134,116,97,92,75,45,23,35.0,19.0,2.0,4.0,0.0,2023-06-13,화요일,1826,승차,천왕,2751,89183,2023-12-31
114,132,155,186,205,182,135,143,107,111,100,84,79,48,27,25.0,13.0,5.0,3.0,0.0,2023-06-14,수요일,1854,승차,천왕,2751,89727,2023-12-31
107,110,144,190,187,175,150,123,142,122,103,117,83,38,26,35.0,14.0,9.0,0.0,1.0,2023-06-15,목요일,1876,승차,천왕,2751,90271,2023-12-31
110,124,148,170,192,187,144,126,146,119,105,96,69,58,47,30.0,20.0,10.0,5.0,0.0,2023-06-16,금요일,1906,승차,천왕,2751,90815,2023-12-31
64,75,83,111,186,168,141,123,82,76,79,80,70,46,22,20.0,9.0,9.0,0.0,0.0,2023-06-17,토요일,1444,승차,천왕,2751,91361,2023-12-31
59,70,70,103,191,160,87,80,77,70,95,56,43,42,27,16.0,11.0,2.0,0.0,0.0,2023-06-18,일요일,1259,승차,천왕,2751,91905,2023-12-31
87,122,163,178,205,160,119,91,121,107,101,95,61,39,21,23.0,8.0,7.0,0.0,1.0,2023-06-19,월요일,1709,승차,천왕,2751,92449,2023-12-31
119,124,138,185,205,198,138,105,131,118,100,83,69,39,27,29.0,11.0,8.0,3.0,0.0,2023-06-20,화요일,1830,승차,천왕,2751,92995,2023-12-31
102,99,132,166,171,168,135,115,124,108,96,83,72,51,36,31.0,17.0,10.0,0.0,0.0,2023-06-21,수요일,1716,승차,천왕,2751,93539,2023-12-31
114,128,149,171,199,151,147,148,129,110,98,92,81,52,30,26.0,18.0,6.0,0.0,0.0,2023-06-22,목요일,1849,승차,천왕,2751,94083,2023-12-31
120,111,144,180,198,177,146,126,126,109,107,97,73,59,32,26.0,10.0,14.0,2.0,1.0,2023-06-23,금요일,1858,승차,천왕,2751,94627,2023-12-31
59,86,71,117,172,199,150,96,99,91,77,71,51,58,36,34.0,11.0,9.0,0.0,0.0,2023-06-24,토요일,1487,승차,천왕,2751,95171,2023-12-31
32,64,65,99,184,143,98,82,69,93,78,56,42,41,22,21.0,14.0,2.0,0.0,0.0,2023-06-25,일요일,1205,승차,천왕,2751,95715,2023-12-31
93,127,150,159,180,153,127,117,122,108,89,92,57,44,24,21.0,6.0,9.0,1.0,1.0,2023-06-26,월요일,1680,승차,천왕,2751,96259,2023-12-31
116,102,129,168,191,191,157,122,129,100,107,105,62,63,30,34.0,18.0,11.0,2.0,3.0,2023-06-27,화요일,1840,승차,천왕,2751,96803,2023-12-31
108,119,125,177,190,160,163,137,112,121,118,96,66,58,27,36.0,18.0,8.0,2.0,0.0,2023-06-28,수요일,1841,승차,천왕,2751,97347,2023-12-31
115,107,126,156,144,117,94,120,120,86,80,81,41,36,24,27.0,6.0,11.0,0.0,0.0,2023-06-29,목요일,1491,승차,천왕,2751,97891,2023-12-31
115,126,138,175,169,182,154,117,111,115,91,91,73,49,43,32.0,15.0,7.0,2.0,0.0,2023-06-30,금요일,1805,승차,천왕,2751,98435,2023-12-31
65,66,69,127,141,160,137,96,86,89,62,67,56,45,33,17.0,10.0,2.0,1.0,0.0,2023-07-01,토요일,1329,승차,천왕,2751,98979,2023-12-31
61,62,56,105,176,149,96,82,78,84,59,74,43,32,25,23.0,17.0,5.0,1.0,0.0,2023-07-02,일요일,1228,승차,천왕,2751,99523,2023-12-31
112,114,159,165,206,163,138,122,96,100,94,90,74,48,38,23.0,17.0,8.0,1.0,0.0,2023-07-03,월요일,1768,승차,천왕,2751,100067,2023-12-31
114,125,137,183,209,158,165,113,106,105,72,78,56,35,25,21.0,10.0,6.0,3.0,1.0,2023-07-04,화요일,1722,승차,천왕,2751,100611,2023-12-31
114,109,133,169,191,173,134,133,109,105,105,109,73,60,38,32.0,22.0,6.0,2.0,0.0,2023-07-05,수요일,1817,승차,천왕,2751,101155,2023-12-31
123,118,141,179,204,190,131,136,131,96,88,95,55,40,23,28.0,14.0,9.0,3.0,0.0,2023-07-06,목요일,1804,승차,천왕,2751,101701,2023-12-31
113,110,154,170,214,169,143,111,104,95,101,114,67,68,43,24.0,6.0,13.0,2.0,0.0,2023-07-07,금요일,1821,승차,천왕,2751,102245,2023-12-31
72,88,77,126,171,180,148,122,109,77,77,84,68,45,15,26.0,9.0,6.0,4.0,0.0,2023-07-08,토요일,1504,승차,천왕,2751,102789,2023-12-31
46,46,58,98,178,132,61,63,76,58,91,50,34,31,18,12.0,6.0,3.0,1.0,0.0,2023-07-09,일요일,1062,승차,천왕,2751,103333,2023-12-31
108,120,147,165,193,153,148,133,143,107,99,82,71,54,37,25.0,17.0,1.0,3.0,0.0,2023-07-10,월요일,1806,승차,천왕,2751,103877,2023-12-31
106,110,147,158,164,154,124,104,117,97,72,92,50,36,33,22.0,14.0,8.0,0.0,0.0,2023-07-11,화요일,1608,승차,천왕,2751,104421,2023-12-31
116,122,140,170,192,179,159,129,134,121,98,99,76,51,23,28.0,14.0,8.0,2.0,0.0,2023-07-12,수요일,1861,승차,천왕,2751,104965,2023-12-31
116,97,128,161,179,137,102,121,98,79,87,77,51,31,21,22.0,13.0,2.0,1.0,1.0,2023-07-13,목요일,1524,승차,천왕,2751,105509,2023-12-31
113,110,112,151,168,158,128,105,125,107,100,87,54,43,27,22.0,19.0,11.0,3.0,0.0,2023-07-14,금요일,1643,승차,천왕,2751,106053,2023-12-31
49,63,49,92,132,159,180,122,110,90,72,35,59,41,20,19.0,14.0,7.0,1.0,1.0,2023-07-15,토요일,1315,승차,천왕,2751,106597,2023-12-31
55,55,47,74,144,115,67,81,85,85,92,63,56,29,14,16.0,12.0,5.0,1.0,0.0,2023-07-16,일요일,1096,승차,천왕,2751,107141,2023-12-31
95,121,138,161,194,164,136,140,131,126,102,82,57,53,17,18.0,17.0,4.0,2.0,0.0,2023-07-17,월요일,1758,승차,천왕,2751,107685,2023-12-31
112,112,130,176,176,128,119,118,107,118,100,96,56,42,25,26.0,11.0,7.0,2.0,0.0,2023-07-18,화요일,1661,승차,천왕,2751,108229,2023-12-31
109,113,150,149,233,179,130,132,138,96,111,95,75,55,37,34.0,8.0,6.0,5.0,0.0,2023-07-19,수요일,1855,승차,천왕,2751,108775,2023-12-31
118,115,133,156,200,169,137,132,147,136,104,103,71,45,30,30.0,16.0,7.0,3.0,2.0,2023-07-20,목요일,1854,승차,천왕,2751,109319,2023-12-31
98,106,140,166,201,183,128,110,130,111,81,100,72,52,34,17.0,17.0,11.0,3.0,1.0,2023-07-21,금요일,1761,승차,천왕,2751,109863,2023-12-31
60,83,84,114,148,169,130,99,108,103,81,56,52,33,24,15.0,9.0,7.0,2.0,0.0,2023-07-22,토요일,1377,승차,천왕,2751,110407,2023-12-31
34,36,35,67,105,112,71,68,79,62,83,48,29,27,21,13.0,9.0,5.0,0.0,0.0,2023-07-23,일요일,904,승차,천왕,2751,110951,2023-12-31
103,126,130,155,194,143,115,121,123,106,100,86,61,45,25,26.0,13.0,7.0,2.0,0.0,2023-07-24,월요일,1681,승차,천왕,2751,111495,2023-12-31
105,110,123,163,190,154,140,115,125,103,94,112,76,47,25,27.0,15.0,5.0,1.0,2.0,2023-07-25,화요일,1732,승차,천왕,2751,112039,2023-12-31
108,122,124,164,206,155,134,118,105,104,84,86,64,55,25,26.0,13.0,6.0,2.0,1.0,2023-07-26,수요일,1702,승차,천왕,2751,112585,2023-12-31
103,96,132,148,186,175,120,108,104,92,79,96,73,52,22,36.0,14.0,7.0,1.0,0.0,2023-07-27,목요일,1644,승차,천왕,2751,113129,2023-12-31
100,105,127,168,183,168,118,100,100,101,95,72,57,41,40,23.0,15.0,9.0,3.0,0.0,2023-07-28,금요일,1625,승차,천왕,2751,113673,2023-12-31
55,64,64,98,142,155,120,93,74,47,68,58,45,43,24,22.0,11.0,1.0,0.0,0.0,2023-07-29,토요일,1184,승차,천왕,2751,114217,2023-12-31
47,53,66,88,136,127,78,64,76,55,88,48,24,28,15,17.0,19.0,3.0,1.0,0.0,2023-07-30,일요일,1033,승차,천왕,2751,114761,2023-12-31
89,112,120,160,173,139,113,103,97,89,88,87,57,48,25,25.0,6.0,10.0,0.0,0.0,2023-07-31,월요일,1541,승차,천왕,2751,115305,2023-12-31
110,114,112,179,161,129,94,94,90,85,93,82,64,31,24,24.0,11.0,6.0,0.0,1.0,2023-08-01,화요일,1504,승차,천왕,2751,115849,2023-12-31
102,102,115,152,187,145,105,79,80,92,96,78,57,42,26,29.0,11.0,3.0,2.0,1.0,2023-08-02,수요일,1504,승차,천왕,2751,116394,2023-12-31
108,120,111,141,191,151,107,99,92,89,72,95,56,34,19,21.0,12.0,6.0,1.0,2.0,2023-08-03,목요일,1527,승차,천왕,2751,116939,2023-12-31
97,107,127,166,178,139,105,88,111,88,86,90,53,48,29,34.0,16.0,6.0,5.0,1.0,2023-08-04,금요일,1574,승차,천왕,2751,117484,2023-12-31
59,81,71,85,135,121,106,96,70,55,61,55,50,35,14,16.0,5.0,7.0,0.0,0.0,2023-08-05,토요일,1122,승차,천왕,2751,118029,2023-12-31
32,51,51,103,127,127,86,80,77,53,59,55,34,35,18,15.0,11.0,6.0,0.0,0.0,2023-08-06,일요일,1020,승차,천왕,2751,118574,2023-12-31
106,126,125,155,156,150,116,98,85,86,79,96,70,44,21,32.0,12.0,4.0,0.0,0.0,2023-08-07,월요일,1561,승차,천왕,2751,119119,2023-12-31
114,104,124,151,177,158,116,116,104,89,81,93,73,45,25,19.0,10.0,7.0,1.0,0.0,2023-08-08,화요일,1607,승차,천왕,2751,119664,2023-12-31
113,110,128,153,185,138,119,96,83,103,99,88,78,54,30,25.0,14.0,6.0,2.0,0.0,2023-08-09,수요일,1624,승차,천왕,2751,120209,2023-12-31
94,93,120,132,126,126,98,87,77,60,69,47,37,26,11,11.0,5.0,6.0,2.0,0.0,2023-08-10,목요일,1227,승차,천왕,2751,120754,2023-12-31
94,94,126,130,161,101,74,100,98,99,99,67,62,48,31,16.0,15.0,9.0,5.0,1.0,2023-08-11,금요일,1430,승차,천왕,2751,121299,2023-12-31
59,77,53,81,148,150,140,112,121,71,60,65,54,35,20,20.0,11.0,10.0,1.0,0.0,2023-08-12,토요일,1288,승차,천왕,2751,121844,2023-12-31
51,58,54,94,155,134,74,62,69,56,70,46,35,25,23,14.0,6.0,2.0,0.0,0.0,2023-08-13,일요일,1028,승차,천왕,2751,122389,2023-12-31
93,103,122,157,200,159,106,94,77,101,90,76,63,44,18,22.0,8.0,7.0,2.0,0.0,2023-08-14,월요일,1542,승차,천왕,2751,122934,2023-12-31
56,73,63,90,141,114,128,111,84,52,54,58,43,43,24,20.0,4.0,4.0,0.0,0.0,2023-08-15,화요일,1162,승차,천왕,2751,123481,2023-12-31
105,116,149,171,183,180,127,124,120,101,95,84,66,37,27,29.0,13.0,10.0,3.0,1.0,2023-08-16,수요일,1741,승차,천왕,2751,124026,2023-12-31
116,114,124,150,162,160,139,113,114,113,102,78,59,51,30,29.0,16.0,10.0,3.0,0.0,2023-08-17,목요일,1683,승차,천왕,2751,124571,2023-12-31
107,104,141,174,188,163,115,122,92,92,105,83,83,53,33,23.0,14.0,11.0,5.0,0.0,2023-08-18,금요일,1708,승차,천왕,2751,125116,2023-12-31
65,90,74,104,151,167,133,122,109,76,58,58,73,40,26,12.0,7.0,5.0,3.0,1.0,2023-08-19,토요일,1374,승차,천왕,2751,125661,2023-12-31
55,47,57,95,153,145,86,80,85,52,60,62,41,31,28,9.0,7.0,6.0,0.0,0.0,2023-08-20,일요일,1099,승차,천왕,2751,126206,2023-12-31
119,125,148,176,181,151,126,109,109,102,93,84,75,57,34,26.0,14.0,8.0,0.0,0.0,2023-08-21,월요일,1737,승차,천왕,2751,126751,2023-12-31
116,111,116,167,156,157,134,123,94,105,104,89,78,42,16,28.0,6.0,8.0,1.0,0.0,2023-08-22,화요일,1651,승차,천왕,2751,127296,2023-12-31
128,98,132,157,198,122,100,93,78,86,92,77,58,50,25,25.0,12.0,4.0,3.0,1.0,2023-08-23,수요일,1539,승차,천왕,2751,127841,2023-12-31
100,91,131,135,169,170,134,131,140,114,99,94,85,55,22,25.0,7.0,7.0,2.0,1.0,2023-08-24,목요일,1712,승차,천왕,2751,128386,2023-12-31
121,116,131,156,175,146,138,115,127,101,114,97,74,63,41,29.0,7.0,7.0,3.0,1.0,2023-08-25,금요일,1762,승차,천왕,2751,128931,2023-12-31
66,70,53,77,142,183,161,127,102,79,82,75,69,51,25,23.0,11.0,6.0,1.0,0.0,2023-08-26,토요일,1403,승차,천왕,2751,129476,2023-12-31
65,55,73,108,160,139,100,77,89,80,84,63,49,37,21,17.0,6.0,1.0,2.0,0.0,2023-08-27,일요일,1226,승차,천왕,2751,130021,2023-12-31
105,114,136,137,159,155,134,135,144,98,101,62,69,49,24,30.0,8.0,6.0,0.0,1.0,2023-08-28,월요일,1667,승차,천왕,2751,130566,2023-12-31
119,111,126,167,161,122,99,108,97,106,104,82,82,52,23,18.0,10.0,6.0,4.0,0.0,2023-08-29,화요일,1597,승차,천왕,2751,131111,2023-12-31
110,108,151,170,191,144,141,136,119,107,107,72,64,57,24,24.0,8.0,3.0,0.0,0.0,2023-08-30,수요일,1736,승차,천왕,2751,131656,2023-12-31
130,115,140,147,179,167,124,137,141,106,112,87,57,52,23,28.0,13.0,8.0,5.0,1.0,2023-08-31,목요일,1772,승차,천왕,2751,132201,2023-12-31
115,100,142,169,173,165,154,123,121,117,102,96,71,49,41,21.0,16.0,7.0,2.0,0.0,2023-09-01,금요일,1784,승차,천왕,2751,132745,2023-12-31
71,87,68,112,147,168,177,101,89,71,73,99,53,47,30,15.0,10.0,2.0,1.0,0.0,2023-09-02,토요일,1421,승차,천왕,2751,133290,2023-12-31
46,48,54,93,144,140,89,100,73,79,102,45,42,33,19,14.0,9.0,3.0,0.0,0.0,2023-09-03,일요일,1133,승차,천왕,2751,133835,2023-12-31
117,126,151,160,164,183,148,115,103,125,124,77,78,50,22,18.0,15.0,4.0,0.0,1.0,2023-09-04,월요일,1781,승차,천왕,2751,134380,2023-12-31
106,115,141,174,154,171,136,123,125,110,95,75,63,50,25,26.0,12.0,7.0,3.0,0.0,2023-09-05,화요일,1711,승차,천왕,2751,134925,2023-12-31
119,119,148,149,184,152,136,104,92,108,102,85,62,55,32,33.0,17.0,4.0,1.0,1.0,2023-09-06,수요일,1703,승차,천왕,2751,135472,2023-12-31
123,101,140,178,180,177,124,138,116,120,100,87,73,41,32,22.0,10.0,7.0,2.0,0.0,2023-09-07,목요일,1771,승차,천왕,2751,136017,2023-12-31
116,127,151,168,166,162,136,116,104,114,110,85,77,56,40,27.0,12.0,8.0,3.0,1.0,2023-09-08,금요일,1779,승차,천왕,2751,136562,2023-12-31
66,83,69,109,160,164,133,101,92,91,70,91,60,49,28,25.0,13.0,7.0,1.0,0.0,2023-09-09,토요일,1412,승차,천왕,2751,137107,2023-12-31
57,60,72,92,163,165,77,93,99,66,68,59,41,35,34,12.0,14.0,2.0,0.0,0.0,2023-09-10,일요일,1209,승차,천왕,2751,137652,2023-12-31
111,116,153,163,190,170,133,134,131,100,95,93,66,45,32,25.0,15.0,4.0,1.0,0.0,2023-09-11,월요일,1777,승차,천왕,2751,138197,2023-12-31
118,128,152,159,193,188,130,129,134,119,96,81,78,56,26,28.0,13.0,3.0,1.0,0.0,2023-09-12,화요일,1832,승차,천왕,2751,138742,2023-12-31
119,104,152,151,175,168,127,120,116,112,97,84,50,44,24,26.0,18.0,6.0,1.0,0.0,2023-09-13,수요일,1694,승차,천왕,2751,139287,2023-12-31
131,124,156,152,173,168,138,127,138,114,91,94,58,50,24,31.0,15.0,9.0,0.0,1.0,2023-09-14,목요일,1794,승차,천왕,2751,139832,2023-12-31
111,107,154,164,188,195,142,111,118,115,92,68,76,58,35,25.0,16.0,8.0,1.0,0.0,2023-09-15,금요일,1784,승차,천왕,2751,140377,2023-12-31
77,86,72,103,140,176,140,129,108,80,90,73,58,26,21,13.0,9.0,4.0,1.0,0.0,2023-09-16,토요일,1406,승차,천왕,2751,140922,2023-12-31
52,43,59,101,168,131,103,90,107,63,94,69,40,35,28,16.0,12.0,2.0,0.0,0.0,2023-09-17,일요일,1213,승차,천왕,2751,141467,2023-12-31
117,126,142,188,173,152,155,108,92,134,100,97,71,51,32,21.0,11.0,6.0,5.0,0.0,2023-09-18,월요일,1781,승차,천왕,2751,142012,2023-12-31
106,105,142,176,188,167,160,133,126,115,109,100,87,47,30,27.0,13.0,7.0,3.0,0.0,2023-09-19,화요일,1841,승차,천왕,2751,142559,2023-12-31
100,123,139,161,175,160,118,115,98,106,82,82,60,44,29,32.0,9.0,6.0,1.0,0.0,2023-09-20,수요일,1640,승차,천왕,2751,143104,2023-12-31
105,110,157,175,188,182,133,141,129,97,114,112,66,46,37,23.0,14.0,9.0,3.0,0.0,2023-09-21,목요일,1841,승차,천왕,2751,143649,2023-12-31
114,120,154,159,182,187,156,106,134,133,114,102,69,50,39,22.0,19.0,7.0,2.0,0.0,2023-09-22,금요일,1869,승차,천왕,2751,144194,2023-12-31
56,77,67,113,156,183,137,107,114,92,91,65,65,40,22,11.0,8.0,3.0,3.0,0.0,2023-09-23,토요일,1410,승차,천왕,2751,144739,2023-12-31
46,71,58,96,166,154,111,105,85,84,80,57,41,38,25,27.0,11.0,4.0,0.0,0.0,2023-09-24,일요일,1259,승차,천왕,2751,145284,2023-12-31
95,112,150,167,188,176,152,132,135,169,140,116,79,47,27,22.0,12.0,7.0,1.0,1.0,2023-09-25,월요일,1928,승차,천왕,2751,145829,2023-12-31
113,106,147,161,165,175,138,123,154,109,109,81,73,46,27,29.0,14.0,7.0,2.0,0.0,2023-09-26,화요일,1779,승차,천왕,2751,146374,2023-12-31
104,92,138,171,171,173,139,161,144,137,122,98,54,55,15,19.0,10.0,6.0,1.0,1.0,2023-09-27,수요일,1811,승차,천왕,2751,146919,2023-12-31
43,56,39,52,88,105,99,62,79,75,69,48,48,36,21,13.0,12.0,5.0,0.0,0.0,2023-09-28,목요일,950,승차,천왕,2751,147464,2023-12-31
17,36,33,35,57,59,43,34,37,42,52,47,31,21,16,19.0,4.0,4.0,0.0,0.0,2023-09-29,금요일,587,승차,천왕,2751,148009,2023-12-31
34,43,35,44,74,86,83,61,58,67,73,44,38,27,9,16.0,9.0,6.0,1.0,0.0,2023-09-30,토요일,808,승차,천왕,2751,148556,2023-12-31
41,43,51,66,142,132,92,86,71,91,52,70,40,24,16,11.0,6.0,7.0,3.0,0.0,2023-10-01,일요일,1044,승차,천왕,2751,149100,2023-12-31
40,61,46,85,130,139,101,115,100,61,71,75,61,34,20,16.0,4.0,3.0,1.0,0.0,2023-10-02,월요일,1163,승차,천왕,2751,149644,2023-12-31
34,52,44,75,88,145,111,118,94,84,70,59,65,47,21,13.0,3.0,4.0,2.0,0.0,2023-10-03,화요일,1129,승차,천왕,2751,150188,2023-12-31
113,117,133,161,200,179,131,119,114,133,105,83,54,44,25,24.0,15.0,6.0,0.0,0.0,2023-10-04,수요일,1756,승차,천왕,2751,150732,2023-12-31
109,103,139,171,208,168,136,136,117,118,118,85,71,52,31,30.0,13.0,8.0,3.0,1.0,2023-10-05,목요일,1817,승차,천왕,2751,151276,2023-12-31
116,116,167,161,164,181,125,124,114,117,132,112,69,46,40,27.0,12.0,7.0,2.0,0.0,2023-10-06,금요일,1832,승차,천왕,2751,151820,2023-12-31
67,69,76,122,156,163,165,129,116,94,103,89,54,38,37,16.0,13.0,6.0,2.0,0.0,2023-10-07,토요일,1515,승차,천왕,2751,152364,2023-12-31
50,58,57,88,162,154,105,112,96,64,88,60,44,41,15,9.0,11.0,4.0,1.0,0.0,2023-10-08,일요일,1219,승차,천왕,2751,152908,2023-12-31
43,64,55,77,124,146,142,116,104,97,86,70,70,37,21,19.0,3.0,3.0,0.0,0.0,2023-10-09,월요일,1277,승차,천왕,2751,153452,2023-12-31
113,116,138,167,191,196,144,149,139,122,105,111,71,48,36,20.0,17.0,8.0,0.0,0.0,2023-10-10,화요일,1891,승차,천왕,2751,153996,2023-12-31
107,104,150,170,180,165,157,139,124,136,99,107,67,58,21,32.0,18.0,5.0,1.0,0.0,2023-10-11,수요일,1840,승차,천왕,2751,154540,2023-12-31
122,115,148,169,214,176,149,121,110,130,123,86,81,50,28,24.0,14.0,4.0,2.0,0.0,2023-10-12,목요일,1866,승차,천왕,2751,155084,2023-12-31
110,110,143,181,165,218,142,134,149,145,99,103,86,47,39,25.0,11.0,13.0,2.0,0.0,2023-10-13,금요일,1922,승차,천왕,2751,155628,2023-12-31
62,91,75,100,125,165,106,121,107,78,76,79,59,27,19,13.0,7.0,4.0,3.0,0.0,2023-10-14,토요일,1317,승차,천왕,2751,156172,2023-12-31
45,53,63,110,178,157,108,99,113,82,66,71,39,40,26,16.0,12.0,14.0,0.0,0.0,2023-10-15,일요일,1292,승차,천왕,2751,156716,2023-12-31
107,125,153,174,167,192,145,134,132,119,112,101,60,42,20,26.0,11.0,15.0,1.0,0.0,2023-10-16,월요일,1836,승차,천왕,2751,157260,2023-12-31
107,113,141,168,167,163,156,137,153,123,104,101,76,51,29,26.0,11.0,12.0,1.0,0.0,2023-10-17,화요일,1839,승차,천왕,2751,157804,2023-12-31
99,111,143,173,202,188,130,137,129,131,112,106,77,47,29,21.0,11.0,13.0,3.0,1.0,2023-10-18,수요일,1863,승차,천왕,2751,158348,2023-12-31
92,107,136,143,168,165,126,126,124,139,123,100,56,59,35,24.0,13.0,7.0,1.0,0.0,2023-10-19,목요일,1744,승차,천왕,2751,158892,2023-12-31
120,117,139,166,191,158,143,125,111,114,134,109,73,50,33,24.0,12.0,7.0,2.0,2.0,2023-10-20,금요일,1830,승차,천왕,2751,159436,2023-12-31
90,80,60,107,157,163,180,111,103,93,89,89,58,38,24,13.0,11.0,2.0,2.0,0.0,2023-10-21,토요일,1470,승차,천왕,2751,159980,2023-12-31
56,51,64,87,162,182,97,95,87,87,60,78,49,25,22,18.0,17.0,6.0,1.0,0.0,2023-10-22,일요일,1244,승차,천왕,2751,160524,2023-12-31
117,110,134,165,191,171,146,149,118,131,120,92,83,43,32,23.0,10.0,7.0,1.0,0.0,2023-10-23,월요일,1843,승차,천왕,2751,161068,2023-12-31
117,115,129,170,178,181,132,133,152,112,108,103,73,42,33,28.0,7.0,3.0,2.0,0.0,2023-10-24,화요일,1818,승차,천왕,2751,161612,2023-12-31
113,107,156,147,187,176,127,146,148,131,102,99,65,52,33,38.0,12.0,4.0,4.0,2.0,2023-10-25,수요일,1849,승차,천왕,2751,162156,2023-12-31
108,116,159,156,178,166,145,142,136,112,99,93,57,43,37,26.0,13.0,9.0,2.0,0.0,2023-10-26,목요일,1797,승차,천왕,2751,162700,2023-12-31
102,100,160,161,172,167,140,142,129,114,110,101,92,55,30,22.0,14.0,7.0,2.0,2.0,2023-10-27,금요일,1822,승차,천왕,2751,163244,2023-12-31
73,94,82,111,183,159,136,137,116,109,80,72,68,48,24,16.0,14.0,7.0,0.0,0.0,2023-10-28,토요일,1529,승차,천왕,2751,163788,2023-12-31
42,55,68,98,141,146,99,94,134,89,61,65,56,31,20,16.0,11.0,6.0,0.0,0.0,2023-10-29,일요일,1232,승차,천왕,2751,164332,2023-12-31
100,123,151,153,191,162,176,158,137,134,128,105,74,52,27,16.0,10.0,8.0,1.0,0.0,2023-10-30,월요일,1906,승차,천왕,2751,164876,2023-12-31
100,98,144,157,176,160,154,138,144,95,104,84,82,53,30,28.0,11.0,5.0,3.0,0.0,2023-10-31,화요일,1766,승차,천왕,2751,165420,2023-12-31
103,114,134,168,173,136,138,134,147,119,113,90,72,48,30,27.0,14.0,6.0,2.0,1.0,2023-11-01,수요일,1769,승차,천왕,2751,165964,2023-12-31
92,100,154,170,175,180,134,123,136,145,88,96,74,52,38,27.0,11.0,7.0,3.0,0.0,2023-11-02,목요일,1805,승차,천왕,2751,166508,2023-12-31
101,117,141,151,177,153,131,125,141,117,98,103,84,42,33,22.0,19.0,10.0,1.0,0.0,2023-11-03,금요일,1766,승차,천왕,2751,167052,2023-12-31
64,81,78,105,160,191,151,119,106,89,87,92,61,30,30,17.0,12.0,7.0,2.0,0.0,2023-11-04,토요일,1482,승차,천왕,2751,167596,2023-12-31
49,53,61,78,128,128,92,89,104,74,92,60,53,25,15,16.0,5.0,5.0,1.0,0.0,2023-11-05,일요일,1128,승차,천왕,2751,168140,2023-12-31
92,107,129,164,159,157,131,116,127,102,114,78,64,32,25,23.0,10.0,6.0,3.0,0.0,2023-11-06,월요일,1639,승차,천왕,2751,168684,2023-12-31
112,116,149,161,181,145,137,130,139,111,100,103,75,42,26,27.0,10.0,11.0,2.0,0.0,2023-11-07,화요일,1777,승차,천왕,2751,169228,2023-12-31
112,108,142,177,184,193,133,122,122,135,95,98,74,48,21,29.0,17.0,9.0,2.0,0.0,2023-11-08,수요일,1821,승차,천왕,2751,169772,2023-12-31
105,120,146,153,186,170,140,130,134,112,93,102,68,35,24,22.0,11.0,7.0,5.0,0.0,2023-11-09,목요일,1763,승차,천왕,2751,170316,2023-12-31
98,100,139,157,187,157,122,127,131,115,117,105,75,51,32,15.0,17.0,11.0,2.0,1.0,2023-11-10,금요일,1759,승차,천왕,2751,170860,2023-12-31
68,83,60,106,163,159,131,112,117,99,69,69,46,24,21,9.0,8.0,5.0,2.0,0.0,2023-11-11,토요일,1351,승차,천왕,2751,171404,2023-12-31
43,39,57,82,142,140,115,82,85,84,82,52,40,33,10,10.0,10.0,10.0,0.0,0.0,2023-11-12,일요일,1116,승차,천왕,2751,171948,2023-12-31
97,124,147,183,164,174,124,134,130,133,122,108,50,46,25,26.0,15.0,4.0,4.0,1.0,2023-11-13,월요일,1811,승차,천왕,2751,172492,2023-12-31
107,103,127,162,177,159,139,149,147,120,105,87,62,36,28,23.0,11.0,9.0,2.0,0.0,2023-11-14,화요일,1753,승차,천왕,2751,173036,2023-12-31
114,107,140,176,188,194,121,113,139,123,117,89,60,48,25,27.0,17.0,9.0,3.0,0.0,2023-11-15,수요일,1810,승차,천왕,2751,173580,2023-12-31
100,105,140,164,143,151,128,115,115,108,83,87,66,47,20,25.0,13.0,10.0,0.0,0.0,2023-11-16,목요일,1620,승차,천왕,2751,174124,2023-12-31
101,104,134,172,174,156,142,125,130,130,109,99,70,41,29,22.0,17.0,9.0,5.0,0.0,2023-11-17,금요일,1769,승차,천왕,2751,174668,2023-12-31
55,70,71,86,137,163,122,106,88,87,87,82,38,28,20,11.0,8.0,3.0,2.0,0.0,2023-11-18,토요일,1264,승차,천왕,2751,175212,2023-12-31
49,58,50,88,163,134,89,90,105,80,86,55,46,40,17,16.0,11.0,5.0,1.0,0.0,2023-11-19,일요일,1183,승차,천왕,2751,175756,2023-12-31
95,110,126,183,168,168,117,157,104,126,126,117,63,55,21,23.0,14.0,5.0,1.0,0.0,2023-11-20,월요일,1779,승차,천왕,2751,176300,2023-12-31
106,118,138,164,195,174,144,138,157,123,100,114,58,46,27,24.0,10.0,9.0,1.0,1.0,2023-11-21,화요일,1847,승차,천왕,2751,176844,2023-12-31
106,107,132,150,188,182,130,125,138,124,116,97,82,45,23,28.0,13.0,6.0,2.0,0.0,2023-11-22,수요일,1794,승차,천왕,2751,177388,2023-12-31
109,122,132,166,182,159,136,138,123,139,111,110,92,40,27,27.0,17.0,10.0,4.0,0.0,2023-11-23,목요일,1844,승차,천왕,2751,177932,2023-12-31
99,104,122,145,184,138,131,114,153,142,99,81,68,34,33,22.0,10.0,12.0,2.0,0.0,2023-11-24,금요일,1693,승차,천왕,2751,178476,2023-12-31
46,76,59,121,102,141,122,112,102,94,91,61,69,37,14,11.0,13.0,4.0,3.0,0.0,2023-11-25,토요일,1278,승차,천왕,2751,179020,2023-12-31
39,42,51,90,137,136,81,97,96,76,80,64,29,31,24,17.0,6.0,4.0,1.0,0.0,2023-11-26,일요일,1101,승차,천왕,2751,179564,2023-12-31
110,118,134,154,188,158,138,125,131,131,96,98,61,43,26,30.0,12.0,12.0,2.0,0.0,2023-11-27,월요일,1767,승차,천왕,2751,180108,2023-12-31
95,109,132,155,187,157,129,146,172,118,112,90,73,53,21,26.0,20.0,13.0,2.0,4.0,2023-11-28,화요일,1814,승차,천왕,2751,180652,2023-12-31
98,114,129,146,176,156,153,147,131,101,127,112,65,40,23,25.0,13.0,10.0,3.0,1.0,2023-11-29,수요일,1770,승차,천왕,2751,181196,2023-12-31
94,102,127,139,152,135,136,124,126,107,119,106,75,35,21,28.0,12.0,14.0,2.0,0.0,2023-11-30,목요일,1654,승차,천왕,2751,181740,2023-12-31
88,124,135,156,180,162,117,133,114,129,121,91,70,40,38,14.0,14.0,13.0,0.0,0.0,2023-12-01,금요일,1739,승차,천왕,2751,182284,2023-12-31
48,78,53,91,119,173,170,134,111,88,87,87,64,27,23,15.0,17.0,7.0,0.0,0.0,2023-12-02,토요일,1392,승차,천왕,2751,182828,2023-12-31
42,58,56,83,142,168,85,92,92,88,89,56,30,35,14,10.0,8.0,8.0,4.0,0.0,2023-12-03,일요일,1160,승차,천왕,2751,183372,2023-12-31
88,107,122,162,182,177,142,141,130,122,114,87,61,38,35,26.0,9.0,9.0,1.0,1.0,2023-12-04,월요일,1754,승차,천왕,2751,183916,2023-12-31
111,114,120,170,205,176,156,128,126,133,125,89,70,39,37,26.0,13.0,9.0,0.0,0.0,2023-12-05,화요일,1847,승차,천왕,2751,184460,2023-12-31
100,91,119,150,193,187,149,129,108,115,100,88,47,44,19,30.0,16.0,7.0,3.0,0.0,2023-12-06,수요일,1695,승차,천왕,2751,185004,2023-12-31
110,120,133,150,172,207,141,126,163,117,102,83,69,42,30,30.0,10.0,7.0,1.0,0.0,2023-12-07,목요일,1813,승차,천왕,2751,185548,2023-12-31
100,103,142,152,183,195,162,138,149,103,118,117,79,46,34,33.0,12.0,17.0,3.0,2.0,2023-12-08,금요일,1888,승차,천왕,2751,186092,2023-12-31
49,81,54,110,179,195,184,135,116,116,84,101,59,25,20,26.0,8.0,3.0,3.0,0.0,2023-12-09,토요일,1548,승차,천왕,2751,186636,2023-12-31
41,45,44,88,160,182,120,96,132,86,70,82,31,37,21,17.0,10.0,5.0,0.0,0.0,2023-12-10,일요일,1267,승차,천왕,2751,187180,2023-12-31
91,126,111,158,163,152,137,130,131,87,106,72,53,33,20,16.0,8.0,8.0,1.0,1.0,2023-12-11,월요일,1604,승차,천왕,2751,187724,2023-12-31
103,101,131,157,173,169,159,133,148,101,102,99,69,42,22,33.0,15.0,9.0,1.0,0.0,2023-12-12,화요일,1767,승차,천왕,2751,188268,2023-12-31
102,118,133,170,188,171,168,145,133,134,114,103,77,45,28,34.0,13.0,10.0,4.0,0.0,2023-12-13,수요일,1890,승차,천왕,2751,188812,2023-12-31
104,96,126,155,172,151,136,132,133,125,88,95,58,42,21,33.0,11.0,10.0,1.0,0.0,2023-12-14,목요일,1689,승차,천왕,2751,189356,2023-12-31
92,111,123,160,166,148,120,120,114,129,98,95,59,56,28,31.0,9.0,13.0,4.0,0.0,2023-12-15,금요일,1676,승차,천왕,2751,189900,2023-12-31
65,64,68,98,127,163,165,143,115,87,80,73,64,31,17,14.0,9.0,4.0,3.0,0.0,2023-12-16,토요일,1390,승차,천왕,2751,190444,2023-12-31
33,42,43,72,130,128,91,67,88,82,73,42,37,26,19,11.0,7.0,3.0,1.0,0.0,2023-12-17,일요일,995,승차,천왕,2751,190988,2023-12-31
100,94,130,147,186,142,114,118,112,121,104,90,56,27,24,22.0,7.0,9.0,1.0,0.0,2023-12-18,월요일,1604,승차,천왕,2751,191532,2023-12-31
97,109,139,145,170,175,140,124,100,127,128,109,62,39,27,25.0,13.0,14.0,1.0,1.0,2023-12-19,화요일,1745,승차,천왕,2751,192076,2023-12-31
97,100,114,147,175,156,121,121,114,111,111,83,68,46,29,26.0,12.0,6.0,5.0,0.0,2023-12-20,수요일,1642,승차,천왕,2751,192620,2023-12-31
90,105,119,125,130,117,103,132,119,100,84,78,57,47,20,25.0,11.0,13.0,1.0,1.0,2023-12-21,목요일,1477,승차,천왕,2751,193164,2023-12-31
89,95,121,153,153,138,119,111,124,110,98,105,63,49,22,16.0,14.0,11.0,1.0,1.0,2023-12-22,금요일,1593,승차,천왕,2751,193708,2023-12-31
53,81,43,80,125,173,132,129,97,105,89,63,47,20,19,12.0,10.0,4.0,0.0,0.0,2023-12-23,토요일,1282,승차,천왕,2751,194252,2023-12-31
34,34,47,90,127,136,87,100,68,97,58,52,47,32,25,22.0,4.0,5.0,1.0,0.0,2023-12-24,일요일,1066,승차,천왕,2751,194796,2023-12-31
43,63,47,72,147,142,103,145,90,83,66,48,34,15,26,9.0,6.0,6.0,3.0,0.0,2023-12-25,월요일,1148,승차,천왕,2751,195340,2023-12-31
103,93,132,164,187,182,164,137,111,115,110,95,64,38,21,23.0,11.0,8.0,0.0,0.0,2023-12-26,화요일,1758,승차,천왕,2751,195884,2023-12-31
98,124,134,151,196,169,161,131,116,133,120,105,68,45,25,43.0,21.0,8.0,1.0,0.0,2023-12-27,수요일,1849,승차,천왕,2751,196428,2023-12-31
98,105,126,147,167,177,168,138,165,113,102,111,86,54,22,35.0,16.0,18.0,2.0,0.0,2023-12-28,목요일,1850,승차,천왕,2751,196972,2023-12-31
107,113,126,144,189,192,151,151,118,120,127,96,66,45,28,22.0,18.0,12.0,2.0,0.0,2023-12-29,금요일,1827,승차,천왕,2751,197516,2023-12-31
61,69,49,81,126,140,121,124,84,99,79,59,39,23,28,13.0,5.0,5.0,1.0,0.0,2023-12-30,토요일,1206,승차,천왕,2751,198060,2023-12-31
33,52,45,60,127,140,90,100,105,79,98,75,41,21,21,27.0,27.0,15.0,3.0,2.0,2023-12-31,일요일,1161,승차,천왕,2751,198604,2023-12-31
